AbsTime RelTime Interval	FlowID Description Jitter	Action	AbsBytes AbsPackets AbsFrames	RelBytes RelPackets RelFrames
000001 1497272241081355 0.000000 0.000000	0 "Flow 0" 47.485	"Sent"     0 0 0	0 0 0
000002 1497272241081355 0.000000 0.000000	0 "Flow 0" 47.485	"Received" 8400 6 0	8400 6 0
000003 1497272241081355 0.000000 0.000000	0 "Flow 0" 47.485	"Lost"     0 0 0	0 0 0
000004 1497272241081355 0.000000 0.000000	-1 "Total" 0	"Sent"     0 0 0	0 0 0
000005 1497272241081355 0.000000 0.000000	-1 "Total" 0	"Received" 8400 6 0	8400 6 0
000006 1497272241081355 0.000000 0.000000	-1 "Total" 0	"Lost"     0 0 0	0 0 0
000007 1497272242081365 1.000010 1.000010	0 "Flow 0" 0.724	"Sent"     0 0 0	0 0 0
000008 1497272242081365 1.000010 1.000010	0 "Flow 0" 0.724	"Received" 10956400 7826 0	10948000 7820 0
000009 1497272242081365 1.000010 1.000010	0 "Flow 0" 0.724	"Lost"     0 0 0	0 0 0
000010 1497272242081365 1.000010 1.000010	-1 "Total" 0	"Sent"     0 0 0	0 0 0
000011 1497272242081365 1.000010 1.000010	-1 "Total" 0	"Received" 10956400 7826 0	10948000 7820 0
000012 1497272242081365 1.000010 1.000010	-1 "Total" 0	"Lost"     0 0 0	0 0 0
000013 1497272243081714 2.000359 1.000349	0 "Flow 0" 0.002	"Sent"     0 0 0	0 0 0
000014 1497272243081714 2.000359 1.000349	0 "Flow 0" 0.002	"Received" 22195600 15854 0	11239200 8028 0
000015 1497272243081714 2.000359 1.000349	0 "Flow 0" 0.002	"Lost"     0 0 0	0 0 0
000016 1497272243081714 2.000359 1.000349	-1 "Total" 0	"Sent"     0 0 0	0 0 0
000017 1497272243081714 2.000359 1.000349	-1 "Total" 0	"Received" 22195600 15854 0	11239200 8028 0
000018 1497272243081714 2.000359 1.000349	-1 "Total" 0	"Lost"     0 0 0	0 0 0
000019 1497272244081531 3.000176 0.999817	0 "Flow 0" 0.122	"Sent"     0 0 0	0 0 0
000020 1497272244081531 3.000176 0.999817	0 "Flow 0" 0.122	"Received" 33686800 24062 0	11491200 8208 0
000021 1497272244081531 3.000176 0.999817	0 "Flow 0" 0.122	"Lost"     0 0 0	0 0 0
000022 1497272244081531 3.000176 0.999817	-1 "Total" 0	"Sent"     0 0 0	0 0 0
000023 1497272244081531 3.000176 0.999817	-1 "Total" 0	"Received" 33686800 24062 0	11491200 8208 0
000024 1497272244081531 3.000176 0.999817	-1 "Total" 0	"Lost"     0 0 0	0 0 0
000025 1497272245081647 4.000292 1.000116	0 "Flow 0" 0.124	"Sent"     0 0 0	0 0 0
000026 1497272245081647 4.000292 1.000116	0 "Flow 0" 0.124	"Received" 45075800 32197 0	11389000 8135 0
000027 1497272245081647 4.000292 1.000116	0 "Flow 0" 0.124	"Lost"     0 0 0	0 0 0
000028 1497272245081647 4.000292 1.000116	-1 "Total" 0	"Sent"     0 0 0	0 0 0
000029 1497272245081647 4.000292 1.000116	-1 "Total" 0	"Received" 45075800 32197 0	11389000 8135 0
000030 1497272245081647 4.000292 1.000116	-1 "Total" 0	"Lost"     0 0 0	0 0 0
000031 1497272246081423 5.000068 0.999776	0 "Flow 0" 0.117	"Sent"     0 0 0	0 0 0
000032 1497272246081423 5.000068 0.999776	0 "Flow 0" 0.117	"Received" 56614600 40439 6	11538800 8242 6
000033 1497272246081423 5.000068 0.999776	0 "Flow 0" 0.117	"Lost"     0 0 0	0 0 0
000034 1497272246081423 5.000068 0.999776	-1 "Total" 0	"Sent"     0 0 0	0 0 0
000035 1497272246081423 5.000068 0.999776	-1 "Total" 0	"Received" 56614600 40439 6	11538800 8242 6
000036 1497272246081423 5.000068 0.999776	-1 "Total" 0	"Lost"     0 0 0	0 0 0
000037 1497272247081362 6.000007 0.999939	0 "Flow 0" 0.121	"Sent"     0 0 0	0 0 0
000038 1497272247081362 6.000007 0.999939	0 "Flow 0" 0.121	"Received" 67960200 48543 7825	11345600 8104 7819
000039 1497272247081362 6.000007 0.999939	0 "Flow 0" 0.121	"Lost"     0 0 0	0 0 0
000040 1497272247081362 6.000007 0.999939	-1 "Total" 0	"Sent"     0 0 0	0 0 0
000041 1497272247081362 6.000007 0.999939	-1 "Total" 0	"Received" 67960200 48543 7825	11345600 8104 7819
000042 1497272247081362 6.000007 0.999939	-1 "Total" 0	"Lost"     0 0 0	0 0 0
000043 1497272248081537 7.000182 1.000175	0 "Flow 0" 0.119	"Sent"     0 0 0	0 0 0
000044 1497272248081537 7.000182 1.000175	0 "Flow 0" 0.119	"Received" 79503200 56788 15854	11543000 8245 8029
000045 1497272248081537 7.000182 1.000175	0 "Flow 0" 0.119	"Lost"     0 0 0	0 0 0
000046 1497272248081537 7.000182 1.000175	-1 "Total" 0	"Sent"     0 0 0	0 0 0
000047 1497272248081537 7.000182 1.000175	-1 "Total" 0	"Received" 79503200 56788 15854	11543000 8245 8029
000048 1497272248081537 7.000182 1.000175	-1 "Total" 0	"Lost"     0 0 0	0 0 0
000049 1497272249081479 8.000124 0.999942	0 "Flow 0" 8.986	"Sent"     0 0 0	0 0 0
000050 1497272249081479 8.000124 0.999942	0 "Flow 0" 8.986	"Received" 79963800 57117 24019	460600 329 8165
000051 1497272249081479 8.000124 0.999942	0 "Flow 0" 8.986	"Lost"     0 0 0	0 0 0
000052 1497272249081479 8.000124 0.999942	-1 "Total" 0	"Sent"     0 0 0	0 0 0
000053 1497272249081479 8.000124 0.999942	-1 "Total" 0	"Received" 79963800 57117 24019	460600 329 8165
000054 1497272249081479 8.000124 0.999942	-1 "Total" 0	"Lost"     0 0 0	0 0 0
000055 1497272250081358 9.000003 0.999879	0 "Flow 0" 0.116	"Sent"     0 0 0	0 0 0
000056 1497272250081358 9.000003 0.999879	0 "Flow 0" 0.116	"Received" 90965000 64975 32196	11001200 7858 8177
000057 1497272250081358 9.000003 0.999879	0 "Flow 0" 0.116	"Lost"     0 0 0	0 0 0
000058 1497272250081358 9.000003 0.999879	-1 "Total" 0	"Sent"     0 0 0	0 0 0
000059 1497272250081358 9.000003 0.999879	-1 "Total" 0	"Received" 90965000 64975 32196	11001200 7858 8177
000060 1497272250081358 9.000003 0.999879	-1 "Total" 0	"Lost"     0 0 0	0 0 0
000061 1497272251081360 10.000005 1.000002	0 "Flow 0" 0.116	"Sent"     0 0 0	0 0 0
000062 1497272251081360 10.000005 1.000002	0 "Flow 0" 0.116	"Received" 102505200 73218 40438	11540200 8243 8242
000063 1497272251081360 10.000005 1.000002	0 "Flow 0" 0.116	"Lost"     0 0 0	0 0 0
000064 1497272251081360 10.000005 1.000002	-1 "Total" 0	"Sent"     0 0 0	0 0 0
000065 1497272251081360 10.000005 1.000002	-1 "Total" 0	"Received" 102505200 73218 40438	11540200 8243 8242
000066 1497272251081360 10.000005 1.000002	-1 "Total" 0	"Lost"     0 0 0	0 0 0
000067 1497272252081454 11.000099 1.000094	0 "Flow 0" 0.123	"Sent"     0 0 0	0 0 0
000068 1497272252081454 11.000099 1.000094	0 "Flow 0" 0.123	"Received" 114002000 81430 48544	11496800 8212 8106
000069 1497272252081454 11.000099 1.000094	0 "Flow 0" 0.123	"Lost"     0 0 0	0 0 0
000070 1497272252081454 11.000099 1.000094	-1 "Total" 0	"Sent"     0 0 0	0 0 0
000071 1497272252081454 11.000099 1.000094	-1 "Total" 0	"Received" 114002000 81430 48544	11496800 8212 8106
000072 1497272252081454 11.000099 1.000094	-1 "Total" 0	"Lost"     0 0 0	0 0 0
000073 1497272253081813 12.000458 1.000359	0 "Flow 0" 0.292	"Sent"     0 0 0	0 0 0
000074 1497272253081813 12.000458 1.000359	0 "Flow 0" 0.292	"Received" 124530000 88950 56087	10528000 7520 7543
000075 1497272253081813 12.000458 1.000359	0 "Flow 0" 0.292	"Lost"     0 0 0	0 0 0
000076 1497272253081813 12.000458 1.000359	-1 "Total" 0	"Sent"     0 0 0	0 0 0
000077 1497272253081813 12.000458 1.000359	-1 "Total" 0	"Received" 124530000 88950 56087	10528000 7520 7543
000078 1497272253081813 12.000458 1.000359	-1 "Total" 0	"Lost"     0 0 0	0 0 0
000079 1497272254081356 13.000001 0.999543	0 "Flow 0" 0.118	"Sent"     0 0 0	0 0 0
000080 1497272254081356 13.000001 0.999543	0 "Flow 0" 0.118	"Received" 127390200 90993 57117	2860200 2043 1030
000081 1497272254081356 13.000001 0.999543	0 "Flow 0" 0.118	"Lost"     0 0 0	0 0 0
000082 1497272254081356 13.000001 0.999543	-1 "Total" 0	"Sent"     0 0 0	0 0 0
000083 1497272254081356 13.000001 0.999543	-1 "Total" 0	"Received" 127390200 90993 57117	2860200 2043 1030
000084 1497272254081356 13.000001 0.999543	-1 "Total" 0	"Lost"     0 0 0	0 0 0
000085 1497272255081530 14.000175 1.000174	0 "Flow 0" 0.122	"Sent"     0 0 0	0 0 0
000086 1497272255081530 14.000175 1.000174	0 "Flow 0" 0.122	"Received" 138930400 99236 64976	11540200 8243 7859
000087 1497272255081530 14.000175 1.000174	0 "Flow 0" 0.122	"Lost"     0 0 0	0 0 0
000088 1497272255081530 14.000175 1.000174	-1 "Total" 0	"Sent"     0 0 0	0 0 0
000089 1497272255081530 14.000175 1.000174	-1 "Total" 0	"Received" 138930400 99236 64976	11540200 8243 7859
000090 1497272255081530 14.000175 1.000174	-1 "Total" 0	"Lost"     0 0 0	0 0 0
000091 1497272256081491 15.000136 0.999961	0 "Flow 0" 0.150	"Sent"     0 0 0	0 0 0
000092 1497272256081491 15.000136 0.999961	0 "Flow 0" 0.150	"Received" 150396400 107426 73219	11466000 8190 8243
000093 1497272256081491 15.000136 0.999961	0 "Flow 0" 0.150	"Lost"     0 0 0	0 0 0
000094 1497272256081491 15.000136 0.999961	-1 "Total" 0	"Sent"     0 0 0	0 0 0
000095 1497272256081491 15.000136 0.999961	-1 "Total" 0	"Received" 150396400 107426 73219	11466000 8190 8243
000096 1497272256081491 15.000136 0.999961	-1 "Total" 0	"Lost"     0 0 0	0 0 0
000097 1497272257081673 16.000318 1.000182	0 "Flow 0" 0.124	"Sent"     0 0 0	0 0 0
000098 1497272257081673 16.000318 1.000182	0 "Flow 0" 0.124	"Received" 161943600 115674 81432	11547200 8248 8213
000099 1497272257081673 16.000318 1.000182	0 "Flow 0" 0.124	"Lost"     0 0 0	0 0 0
000100 1497272257081673 16.000318 1.000182	-1 "Total" 0	"Sent"     0 0 0	0 0 0
000101 1497272257081673 16.000318 1.000182	-1 "Total" 0	"Received" 161943600 115674 81432	11547200 8248 8213
000102 1497272257081673 16.000318 1.000182	-1 "Total" 0	"Lost"     0 0 0	0 0 0
000103 1497272258082153 17.000798 1.000480	0 "Flow 0" 0.210	"Sent"     0 0 0	0 0 0
000104 1497272258082153 17.000798 1.000480	0 "Flow 0" 0.210	"Received" 171351600 122394 88167	9408000 6720 6735
000105 1497272258082153 17.000798 1.000480	0 "Flow 0" 0.210	"Lost"     0 0 0	0 0 0
000106 1497272258082153 17.000798 1.000480	-1 "Total" 0	"Sent"     0 0 0	0 0 0
000107 1497272258082153 17.000798 1.000480	-1 "Total" 0	"Received" 171351600 122394 88167	9408000 6720 6735
000108 1497272258082153 17.000798 1.000480	-1 "Total" 0	"Lost"     0 0 0	0 0 0
000109 1497272259081417 18.000062 0.999264	0 "Flow 0" 0.117	"Sent"     0 0 0	0 0 0
000110 1497272259081417 18.000062 0.999264	0 "Flow 0" 0.117	"Received" 175781200 125558 90994	4429600 3164 2827
000111 1497272259081417 18.000062 0.999264	0 "Flow 0" 0.117	"Lost"     0 0 0	0 0 0
000112 1497272259081417 18.000062 0.999264	-1 "Total" 0	"Sent"     0 0 0	0 0 0
000113 1497272259081417 18.000062 0.999264	-1 "Total" 0	"Received" 175781200 125558 90994	4429600 3164 2827
000114 1497272259081417 18.000062 0.999264	-1 "Total" 0	"Lost"     0 0 0	0 0 0
000115 1497272260081421 19.000066 1.000004	0 "Flow 0" 0.119	"Sent"     0 0 0	0 0 0
000116 1497272260081421 19.000066 1.000004	0 "Flow 0" 0.119	"Received" 187321400 133801 99235	11540200 8243 8241
000117 1497272260081421 19.000066 1.000004	0 "Flow 0" 0.119	"Lost"     0 0 0	0 0 0
000118 1497272260081421 19.000066 1.000004	-1 "Total" 0	"Sent"     0 0 0	0 0 0
000119 1497272260081421 19.000066 1.000004	-1 "Total" 0	"Received" 187321400 133801 99235	11540200 8243 8241
000120 1497272260081421 19.000066 1.000004	-1 "Total" 0	"Lost"     0 0 0	0 0 0
000121 1497272261081370 20.000015 0.999949	0 "Flow 0" 0.118	"Sent"     0 0 0	0 0 0
000122 1497272261081370 20.000015 0.999949	0 "Flow 0" 0.118	"Received" 198745400 141961 107425	11424000 8160 8190
000123 1497272261081370 20.000015 0.999949	0 "Flow 0" 0.118	"Lost"     0 0 0	0 0 0
000124 1497272261081370 20.000015 0.999949	-1 "Total" 0	"Sent"     0 0 0	0 0 0
000125 1497272261081370 20.000015 0.999949	-1 "Total" 0	"Received" 198745400 141961 107425	11424000 8160 8190
000126 1497272261081370 20.000015 0.999949	-1 "Total" 0	"Lost"     0 0 0	0 0 0
000127 1497272262081390 21.000035 1.000020	0 "Flow 0" 0.128	"Sent"     0 0 0	0 0 0
000128 1497272262081390 21.000035 1.000020	0 "Flow 0" 0.128	"Received" 210231000 150165 115673	11485600 8204 8248
000129 1497272262081390 21.000035 1.000020	0 "Flow 0" 0.128	"Lost"     0 0 0	0 0 0
000130 1497272262081390 21.000035 1.000020	-1 "Total" 0	"Sent"     0 0 0	0 0 0
000131 1497272262081390 21.000035 1.000020	-1 "Total" 0	"Received" 210231000 150165 115673	11485600 8204 8248
000132 1497272262081390 21.000035 1.000020	-1 "Total" 0	"Lost"     0 0 0	0 0 0
000133 1497272263081356 22.000001 0.999966	0 "Flow 0" 0.115	"Sent"     0 0 0	0 0 0
000134 1497272263081356 22.000001 0.999966	0 "Flow 0" 0.115	"Received" 221774000 158410 122394	11543000 8245 6721
000135 1497272263081356 22.000001 0.999966	0 "Flow 0" 0.115	"Lost"     0 0 0	0 0 0
000136 1497272263081356 22.000001 0.999966	-1 "Total" 0	"Sent"     0 0 0	0 0 0
000137 1497272263081356 22.000001 0.999966	-1 "Total" 0	"Received" 221774000 158410 122394	11543000 8245 6721
000138 1497272263081356 22.000001 0.999966	-1 "Total" 0	"Lost"     0 0 0	0 0 0
000139 1497272264081663 23.000308 1.000307	0 "Flow 0" 0.118	"Sent"     0 0 0	0 0 0
000140 1497272264081663 23.000308 1.000307	0 "Flow 0" 0.118	"Received" 232929200 166378 125560	11155200 7968 3166
000141 1497272264081663 23.000308 1.000307	0 "Flow 0" 0.118	"Lost"     0 0 0	0 0 0
000142 1497272264081663 23.000308 1.000307	-1 "Total" 0	"Sent"     0 0 0	0 0 0
000143 1497272264081663 23.000308 1.000307	-1 "Total" 0	"Received" 232929200 166378 125560	11155200 7968 3166
000144 1497272264081663 23.000308 1.000307	-1 "Total" 0	"Lost"     0 0 0	0 0 0
000145 1497272265081524 24.000169 0.999861	0 "Flow 0" 0.118	"Sent"     0 0 0	0 0 0
000146 1497272265081524 24.000169 0.999861	0 "Flow 0" 0.118	"Received" 244469400 174621 133802	11540200 8243 8242
000147 1497272265081524 24.000169 0.999861	0 "Flow 0" 0.118	"Lost"     0 0 0	0 0 0
000148 1497272265081524 24.000169 0.999861	-1 "Total" 0	"Sent"     0 0 0	0 0 0
000149 1497272265081524 24.000169 0.999861	-1 "Total" 0	"Received" 244469400 174621 133802	11540200 8243 8242
000150 1497272265081524 24.000169 0.999861	-1 "Total" 0	"Lost"     0 0 0	0 0 0
000151 1497272266081357 25.000002 0.999833	0 "Flow 0" 0.942	"Sent"     0 0 0	0 0 0
000152 1497272266081357 25.000002 0.999833	0 "Flow 0" 0.942	"Received" 255816400 182726 141960	11347000 8105 8158
000153 1497272266081357 25.000002 0.999833	0 "Flow 0" 0.942	"Lost"     0 0 0	0 0 0
000154 1497272266081357 25.000002 0.999833	-1 "Total" 0	"Sent"     0 0 0	0 0 0
000155 1497272266081357 25.000002 0.999833	-1 "Total" 0	"Received" 255816400 182726 141960	11347000 8105 8158
000156 1497272266081357 25.000002 0.999833	-1 "Total" 0	"Lost"     0 0 0	0 0 0
000157 1497272267081643 26.000288 1.000286	0 "Flow 0" 0.124	"Sent"     0 0 0	0 0 0
000158 1497272267081643 26.000288 1.000286	0 "Flow 0" 0.124	"Received" 267358000 190970 150169	11541600 8244 8209
000159 1497272267081643 26.000288 1.000286	0 "Flow 0" 0.124	"Lost"     0 0 0	0 0 0
000160 1497272267081643 26.000288 1.000286	-1 "Total" 0	"Sent"     0 0 0	0 0 0
000161 1497272267081643 26.000288 1.000286	-1 "Total" 0	"Received" 267358000 190970 150169	11541600 8244 8209
000162 1497272267081643 26.000288 1.000286	-1 "Total" 0	"Lost"     0 0 0	0 0 0
000163 1497272268081559 27.000204 0.999916	0 "Flow 0" 0.120	"Sent"     0 0 0	0 0 0
000164 1497272268081559 27.000204 0.999916	0 "Flow 0" 0.120	"Received" 278700800 199072 158411	11342800 8102 8242
000165 1497272268081559 27.000204 0.999916	0 "Flow 0" 0.120	"Lost"     0 0 0	0 0 0
000166 1497272268081559 27.000204 0.999916	-1 "Total" 0	"Sent"     0 0 0	0 0 0
000167 1497272268081559 27.000204 0.999916	-1 "Total" 0	"Received" 278700800 199072 158411	11342800 8102 8242
000168 1497272268081559 27.000204 0.999916	-1 "Total" 0	"Lost"     0 0 0	0 0 0
000169 1497272269081379 28.000024 0.999820	0 "Flow 0" 0.156	"Sent"     0 0 0	0 0 0
000170 1497272269081379 28.000024 0.999820	0 "Flow 0" 0.156	"Received" 290092600 207209 166377	11391800 8137 7966
000171 1497272269081379 28.000024 0.999820	0 "Flow 0" 0.156	"Lost"     0 0 0	0 0 0
000172 1497272269081379 28.000024 0.999820	-1 "Total" 0	"Sent"     0 0 0	0 0 0
000173 1497272269081379 28.000024 0.999820	-1 "Total" 0	"Received" 290092600 207209 166377	11391800 8137 7966
000174 1497272269081379 28.000024 0.999820	-1 "Total" 0	"Lost"     0 0 0	0 0 0
000175 1497272270081459 29.000104 1.000080	0 "Flow 0" 0.119	"Sent"     0 0 0	0 0 0
000176 1497272270081459 29.000104 1.000080	0 "Flow 0" 0.119	"Received" 301635600 215454 174620	11543000 8245 8243
000177 1497272270081459 29.000104 1.000080	0 "Flow 0" 0.119	"Lost"     0 0 0	0 0 0
000178 1497272270081459 29.000104 1.000080	-1 "Total" 0	"Sent"     0 0 0	0 0 0
000179 1497272270081459 29.000104 1.000080	-1 "Total" 0	"Received" 301635600 215454 174620	11543000 8245 8243
000180 1497272270081459 29.000104 1.000080	-1 "Total" 0	"Lost"     0 0 0	0 0 0
000181 1497272271081532 30.000177 1.000073	0 "Flow 0" 0.124	"Sent"     0 0 0	0 0 0
000182 1497272271081532 30.000177 1.000073	0 "Flow 0" 0.124	"Received" 312881800 223487 182726	11246200 8033 8106
000183 1497272271081532 30.000177 1.000073	0 "Flow 0" 0.124	"Lost"     0 0 0	0 0 0
000184 1497272271081532 30.000177 1.000073	-1 "Total" 0	"Sent"     0 0 0	0 0 0
000185 1497272271081532 30.000177 1.000073	-1 "Total" 0	"Received" 312881800 223487 182726	11246200 8033 8106
000186 1497272271081532 30.000177 1.000073	-1 "Total" 0	"Lost"     0 0 0	0 0 0
000187 1497272272081413 31.000058 0.999881	0 "Flow 0" 0.121	"Sent"     0 0 0	0 0 0
000188 1497272272081413 31.000058 0.999881	0 "Flow 0" 0.121	"Received" 324422000 231730 190969	11540200 8243 8243
000189 1497272272081413 31.000058 0.999881	0 "Flow 0" 0.121	"Lost"     0 0 0	0 0 0
000190 1497272272081413 31.000058 0.999881	-1 "Total" 0	"Sent"     0 0 0	0 0 0
000191 1497272272081413 31.000058 0.999881	-1 "Total" 0	"Received" 324422000 231730 190969	11540200 8243 8243
000192 1497272272081413 31.000058 0.999881	-1 "Total" 0	"Lost"     0 0 0	0 0 0
000193 1497272273081734 32.000379 1.000321	0 "Flow 0" 0.113	"Sent"     0 0 0	0 0 0
000194 1497272273081734 32.000379 1.000321	0 "Flow 0" 0.113	"Received" 335452600 239609 199023	11030600 7879 8054
000195 1497272273081734 32.000379 1.000321	0 "Flow 0" 0.113	"Lost"     0 0 0	0 0 0
000196 1497272273081734 32.000379 1.000321	-1 "Total" 0	"Sent"     0 0 0	0 0 0
000197 1497272273081734 32.000379 1.000321	-1 "Total" 0	"Received" 335452600 239609 199023	11030600 7879 8054
000198 1497272273081734 32.000379 1.000321	-1 "Total" 0	"Lost"     0 0 0	0 0 0
000199 1497272274081557 33.000202 0.999823	0 "Flow 0" 0.163	"Sent"     0 0 0	0 0 0
000200 1497272274081557 33.000202 0.999823	0 "Flow 0" 0.163	"Received" 347060000 247900 207211	11607400 8291 8188
000201 1497272274081557 33.000202 0.999823	0 "Flow 0" 0.163	"Lost"     0 0 0	0 0 0
000202 1497272274081557 33.000202 0.999823	-1 "Total" 0	"Sent"     0 0 0	0 0 0
000203 1497272274081557 33.000202 0.999823	-1 "Total" 0	"Received" 347060000 247900 207211	11607400 8291 8188
000204 1497272274081557 33.000202 0.999823	-1 "Total" 0	"Lost"     0 0 0	0 0 0
000205 1497272275081471 34.000116 0.999914	0 "Flow 0" 0.118	"Sent"     0 0 0	0 0 0
000206 1497272275081471 34.000116 0.999914	0 "Flow 0" 0.118	"Received" 358216600 255869 215454	11156600 7969 8243
000207 1497272275081471 34.000116 0.999914	0 "Flow 0" 0.118	"Lost"     0 0 0	0 0 0
000208 1497272275081471 34.000116 0.999914	-1 "Total" 0	"Sent"     0 0 0	0 0 0
000209 1497272275081471 34.000116 0.999914	-1 "Total" 0	"Received" 358216600 255869 215454	11156600 7969 8243
000210 1497272275081471 34.000116 0.999914	-1 "Total" 0	"Lost"     0 0 0	0 0 0
000211 1497272276081418 35.000063 0.999947	0 "Flow 0" 0.108	"Sent"     0 0 0	0 0 0
000212 1497272276081418 35.000063 0.999947	0 "Flow 0" 0.108	"Received" 369756800 264112 223486	11540200 8243 8032
000213 1497272276081418 35.000063 0.999947	0 "Flow 0" 0.108	"Lost"     0 0 0	0 0 0
000214 1497272276081418 35.000063 0.999947	-1 "Total" 0	"Sent"     0 0 0	0 0 0
000215 1497272276081418 35.000063 0.999947	-1 "Total" 0	"Received" 369756800 264112 223486	11540200 8243 8032
000216 1497272276081418 35.000063 0.999947	-1 "Total" 0	"Lost"     0 0 0	0 0 0
000217 1497272277081412 36.000057 0.999994	0 "Flow 0" 0.120	"Sent"     0 0 0	0 0 0
000218 1497272277081412 36.000057 0.999994	0 "Flow 0" 0.120	"Received" 380956800 272112 231729	11200000 8000 8243
000219 1497272277081412 36.000057 0.999994	0 "Flow 0" 0.120	"Lost"     0 0 0	0 0 0
000220 1497272277081412 36.000057 0.999994	-1 "Total" 0	"Sent"     0 0 0	0 0 0
000221 1497272277081412 36.000057 0.999994	-1 "Total" 0	"Received" 380956800 272112 231729	11200000 8000 8243
000222 1497272277081412 36.000057 0.999994	-1 "Total" 0	"Lost"     0 0 0	0 0 0
000223 1497272278081437 37.000082 1.000025	0 "Flow 0" 0.117	"Sent"     0 0 0	0 0 0
000224 1497272278081437 37.000082 1.000025	0 "Flow 0" 0.117	"Received" 392362600 280259 239609	11405800 8147 7880
000225 1497272278081437 37.000082 1.000025	0 "Flow 0" 0.117	"Lost"     0 0 0	0 0 0
000226 1497272278081437 37.000082 1.000025	-1 "Total" 0	"Sent"     0 0 0	0 0 0
000227 1497272278081437 37.000082 1.000025	-1 "Total" 0	"Received" 392362600 280259 239609	11405800 8147 7880
000228 1497272278081437 37.000082 1.000025	-1 "Total" 0	"Lost"     0 0 0	0 0 0
000229 1497272279081438 38.000083 1.000001	0 "Flow 0" 0.119	"Sent"     0 0 0	0 0 0
000230 1497272279081438 38.000083 1.000001	0 "Flow 0" 0.119	"Received" 403904200 288503 247899	11541600 8244 8290
000231 1497272279081438 38.000083 1.000001	0 "Flow 0" 0.119	"Lost"     0 0 0	0 0 0
000232 1497272279081438 38.000083 1.000001	-1 "Total" 0	"Sent"     0 0 0	0 0 0
000233 1497272279081438 38.000083 1.000001	-1 "Total" 0	"Received" 403904200 288503 247899	11541600 8244 8290
000234 1497272279081438 38.000083 1.000001	-1 "Total" 0	"Lost"     0 0 0	0 0 0
000235 1497272280081624 39.000269 1.000186	0 "Flow 0" 0.123	"Sent"     0 0 0	0 0 0
000236 1497272280081624 39.000269 1.000186	0 "Flow 0" 0.123	"Received" 415301600 296644 255870	11397400 8141 7971
000237 1497272280081624 39.000269 1.000186	0 "Flow 0" 0.123	"Lost"     0 0 0	0 0 0
000238 1497272280081624 39.000269 1.000186	-1 "Total" 0	"Sent"     0 0 0	0 0 0
000239 1497272280081624 39.000269 1.000186	-1 "Total" 0	"Received" 415301600 296644 255870	11397400 8141 7971
000240 1497272280081624 39.000269 1.000186	-1 "Total" 0	"Lost"     0 0 0	0 0 0
000241 1497272281081358 40.000003 0.999734	0 "Flow 0" 0.117	"Sent"     0 0 0	0 0 0
000242 1497272281081358 40.000003 0.999734	0 "Flow 0" 0.117	"Received" 426840400 304886 264111	11538800 8242 8241
000243 1497272281081358 40.000003 0.999734	0 "Flow 0" 0.117	"Lost"     0 0 0	0 0 0
000244 1497272281081358 40.000003 0.999734	-1 "Total" 0	"Sent"     0 0 0	0 0 0
000245 1497272281081358 40.000003 0.999734	-1 "Total" 0	"Received" 426840400 304886 264111	11538800 8242 8241
000246 1497272281081358 40.000003 0.999734	-1 "Total" 0	"Lost"     0 0 0	0 0 0
000247 1497272282081363 41.000008 1.000005	0 "Flow 0" 0.158	"Sent"     0 0 0	0 0 0
000248 1497272282081363 41.000008 1.000005	0 "Flow 0" 0.158	"Received" 438319000 313085 272111	11478600 8199 8000
000249 1497272282081363 41.000008 1.000005	0 "Flow 0" 0.158	"Lost"     0 0 0	0 0 0
000250 1497272282081363 41.000008 1.000005	-1 "Total" 0	"Sent"     0 0 0	0 0 0
000251 1497272282081363 41.000008 1.000005	-1 "Total" 0	"Received" 438319000 313085 272111	11478600 8199 8000
000252 1497272282081363 41.000008 1.000005	-1 "Total" 0	"Lost"     0 0 0	0 0 0
000253 1497272283081509 42.000154 1.000146	0 "Flow 0" 0.228	"Sent"     0 0 0	0 0 0
000254 1497272283081509 42.000154 1.000146	0 "Flow 0" 0.228	"Received" 449842400 321316 280261	11523400 8231 8150
000255 1497272283081509 42.000154 1.000146	0 "Flow 0" 0.228	"Lost"     0 0 0	0 0 0
000256 1497272283081509 42.000154 1.000146	-1 "Total" 0	"Sent"     0 0 0	0 0 0
000257 1497272283081509 42.000154 1.000146	-1 "Total" 0	"Received" 449842400 321316 280261	11523400 8231 8150
000258 1497272283081509 42.000154 1.000146	-1 "Total" 0	"Lost"     0 0 0	0 0 0
000259 1497272284081358 43.000003 0.999849	0 "Flow 0" 0.116	"Sent"     0 0 0	0 0 0
000260 1497272284081358 43.000003 0.999849	0 "Flow 0" 0.116	"Received" 461258000 329470 288502	11415600 8154 8241
000261 1497272284081358 43.000003 0.999849	0 "Flow 0" 0.116	"Lost"     0 0 0	0 0 0
000262 1497272284081358 43.000003 0.999849	-1 "Total" 0	"Sent"     0 0 0	0 0 0
000263 1497272284081358 43.000003 0.999849	-1 "Total" 0	"Received" 461258000 329470 288502	11415600 8154 8241
000264 1497272284081358 43.000003 0.999849	-1 "Total" 0	"Lost"     0 0 0	0 0 0
000265 1497272285084177 44.002822 1.002819	0 "Flow 0" 0.117	"Sent"     0 0 0	0 0 0
000266 1497272285084177 44.002822 1.002819	0 "Flow 0" 0.117	"Received" 471700600 336929 295857	10442600 7459 7355
000267 1497272285084177 44.002822 1.002819	0 "Flow 0" 0.117	"Lost"     0 0 0	0 0 0
000268 1497272285084177 44.002822 1.002819	-1 "Total" 0	"Sent"     0 0 0	0 0 0
000269 1497272285084177 44.002822 1.002819	-1 "Total" 0	"Received" 471700600 336929 295857	10442600 7459 7355
000270 1497272285084177 44.002822 1.002819	-1 "Total" 0	"Lost"     0 0 0	0 0 0
000271 1497272286081379 45.000024 0.997202	0 "Flow 0" 0.120	"Sent"     0 0 0	0 0 0
000272 1497272286081379 45.000024 0.997202	0 "Flow 0" 0.120	"Received" 484286600 345919 304886	12586000 8990 9029
000273 1497272286081379 45.000024 0.997202	0 "Flow 0" 0.120	"Lost"     0 0 0	0 0 0
000274 1497272286081379 45.000024 0.997202	-1 "Total" 0	"Sent"     0 0 0	0 0 0
000275 1497272286081379 45.000024 0.997202	-1 "Total" 0	"Received" 484286600 345919 304886	12586000 8990 9029
000276 1497272286081379 45.000024 0.997202	-1 "Total" 0	"Lost"     0 0 0	0 0 0
000277 1497272287081489 46.000134 1.000110	0 "Flow 0" 0.120	"Sent"     0 0 0	0 0 0
000278 1497272287081489 46.000134 1.000110	0 "Flow 0" 0.120	"Received" 495828200 354163 313087	11541600 8244 8201
000279 1497272287081489 46.000134 1.000110	0 "Flow 0" 0.120	"Lost"     0 0 0	0 0 0
000280 1497272287081489 46.000134 1.000110	-1 "Total" 0	"Sent"     0 0 0	0 0 0
000281 1497272287081489 46.000134 1.000110	-1 "Total" 0	"Received" 495828200 354163 313087	11541600 8244 8201
000282 1497272287081489 46.000134 1.000110	-1 "Total" 0	"Lost"     0 0 0	0 0 0
000283 1497272288081613 47.000258 1.000124	0 "Flow 0" 0.121	"Sent"     0 0 0	0 0 0
000284 1497272288081613 47.000258 1.000124	0 "Flow 0" 0.121	"Received" 507369800 362407 321325	11541600 8244 8238
000285 1497272288081613 47.000258 1.000124	0 "Flow 0" 0.121	"Lost"     0 0 0	0 0 0
000286 1497272288081613 47.000258 1.000124	-1 "Total" 0	"Sent"     0 0 0	0 0 0
000287 1497272288081613 47.000258 1.000124	-1 "Total" 0	"Received" 507369800 362407 321325	11541600 8244 8238
000288 1497272288081613 47.000258 1.000124	-1 "Total" 0	"Lost"     0 0 0	0 0 0
000289 1497272289081522 48.000167 0.999909	0 "Flow 0" 0.119	"Sent"     0 0 0	0 0 0
000290 1497272289081522 48.000167 0.999909	0 "Flow 0" 0.119	"Received" 518649600 370464 329471	11279800 8057 8146
000291 1497272289081522 48.000167 0.999909	0 "Flow 0" 0.119	"Lost"     0 0 0	0 0 0
000292 1497272289081522 48.000167 0.999909	-1 "Total" 0	"Sent"     0 0 0	0 0 0
000293 1497272289081522 48.000167 0.999909	-1 "Total" 0	"Received" 518649600 370464 329471	11279800 8057 8146
000294 1497272289081522 48.000167 0.999909	-1 "Total" 0	"Lost"     0 0 0	0 0 0
000295 1497272290081489 49.000134 0.999967	0 "Flow 0" 0.118	"Sent"     0 0 0	0 0 0
000296 1497272290081489 49.000134 0.999967	0 "Flow 0" 0.118	"Received" 530189800 378707 336929	11540200 8243 7458
000297 1497272290081489 49.000134 0.999967	0 "Flow 0" 0.118	"Lost"     0 0 0	0 0 0
000298 1497272290081489 49.000134 0.999967	-1 "Total" 0	"Sent"     0 0 0	0 0 0
000299 1497272290081489 49.000134 0.999967	-1 "Total" 0	"Received" 530189800 378707 336929	11540200 8243 7458
000300 1497272290081489 49.000134 0.999967	-1 "Total" 0	"Lost"     0 0 0	0 0 0
000301 1497272291081358 50.000003 0.999869	0 "Flow 0" 0.118	"Sent"     0 0 0	0 0 0
000302 1497272291081358 50.000003 0.999869	0 "Flow 0" 0.118	"Received" 541472400 386766 345918	11282600 8059 8989
000303 1497272291081358 50.000003 0.999869	0 "Flow 0" 0.118	"Lost"     0 0 0	0 0 0
000304 1497272291081358 50.000003 0.999869	-1 "Total" 0	"Sent"     0 0 0	0 0 0
000305 1497272291081358 50.000003 0.999869	-1 "Total" 0	"Received" 541472400 386766 345918	11282600 8059 8989
000306 1497272291081358 50.000003 0.999869	-1 "Total" 0	"Lost"     0 0 0	0 0 0
000307 1497272292173787 51.092432 1.092429	0 "Flow 0" 0.112	"Sent"     0 0 0	0 0 0
000308 1497272292173787 51.092432 1.092429	0 "Flow 0" 0.112	"Received" 552956600 394969 354122	11484200 8203 8204
000309 1497272292173787 51.092432 1.092429	0 "Flow 0" 0.112	"Lost"     0 0 0	0 0 0
000310 1497272292173787 51.092432 1.092429	-1 "Total" 0	"Sent"     0 0 0	0 0 0
000311 1497272292173787 51.092432 1.092429	-1 "Total" 0	"Received" 552956600 394969 354122	11484200 8203 8204
000312 1497272292173787 51.092432 1.092429	-1 "Total" 0	"Lost"     0 0 0	0 0 0
000313 1497272293081560 52.000205 0.907773	0 "Flow 0" 0.120	"Sent"     0 0 0	0 0 0
000314 1497272293081560 52.000205 0.907773	0 "Flow 0" 0.120	"Received" 564152400 402966 362406	11195800 7997 8284
000315 1497272293081560 52.000205 0.907773	0 "Flow 0" 0.120	"Lost"     0 0 0	0 0 0
000316 1497272293081560 52.000205 0.907773	-1 "Total" 0	"Sent"     0 0 0	0 0 0
000317 1497272293081560 52.000205 0.907773	-1 "Total" 0	"Received" 564152400 402966 362406	11195800 7997 8284
000318 1497272293081560 52.000205 0.907773	-1 "Total" 0	"Lost"     0 0 0	0 0 0
000319 1497272294081497 53.000142 0.999937	0 "Flow 0" 0.125	"Sent"     0 0 0	0 0 0
000320 1497272294081497 53.000142 0.999937	0 "Flow 0" 0.125	"Received" 575486800 411062 370463	11334400 8096 8057
000321 1497272294081497 53.000142 0.999937	0 "Flow 0" 0.125	"Lost"     0 0 0	0 0 0
000322 1497272294081497 53.000142 0.999937	-1 "Total" 0	"Sent"     0 0 0	0 0 0
000323 1497272294081497 53.000142 0.999937	-1 "Total" 0	"Received" 575486800 411062 370463	11334400 8096 8057
000324 1497272294081497 53.000142 0.999937	-1 "Total" 0	"Lost"     0 0 0	0 0 0
000325 1497272295081557 54.000202 1.000060	0 "Flow 0" 0.119	"Sent"     0 0 0	0 0 0
000326 1497272295081557 54.000202 1.000060	0 "Flow 0" 0.119	"Received" 587027000 419305 378708	11540200 8243 8245
000327 1497272295081557 54.000202 1.000060	0 "Flow 0" 0.119	"Lost"     0 0 0	0 0 0
000328 1497272295081557 54.000202 1.000060	-1 "Total" 0	"Sent"     0 0 0	0 0 0
000329 1497272295081557 54.000202 1.000060	-1 "Total" 0	"Received" 587027000 419305 378708	11540200 8243 8245
000330 1497272295081557 54.000202 1.000060	-1 "Total" 0	"Lost"     0 0 0	0 0 0
000331 1497272296081369 55.000014 0.999812	0 "Flow 0" 0.115	"Sent"     0 0 0	0 0 0
000332 1497272296081369 55.000014 0.999812	0 "Flow 0" 0.115	"Received" 598319400 427371 386765	11292400 8066 8057
000333 1497272296081369 55.000014 0.999812	0 "Flow 0" 0.115	"Lost"     0 0 0	0 0 0
000334 1497272296081369 55.000014 0.999812	-1 "Total" 0	"Sent"     0 0 0	0 0 0
000335 1497272296081369 55.000014 0.999812	-1 "Total" 0	"Received" 598319400 427371 386765	11292400 8066 8057
000336 1497272296081369 55.000014 0.999812	-1 "Total" 0	"Lost"     0 0 0	0 0 0
000337 1497272297081447 56.000092 1.000078	0 "Flow 0" 0.116	"Sent"     0 0 0	0 0 0
000338 1497272297081447 56.000092 1.000078	0 "Flow 0" 0.116	"Received" 609861000 435615 394969	11541600 8244 8204
000339 1497272297081447 56.000092 1.000078	0 "Flow 0" 0.116	"Lost"     0 0 0	0 0 0
000340 1497272297081447 56.000092 1.000078	-1 "Total" 0	"Sent"     0 0 0	0 0 0
000341 1497272297081447 56.000092 1.000078	-1 "Total" 0	"Received" 609861000 435615 394969	11541600 8244 8204
000342 1497272297081447 56.000092 1.000078	-1 "Total" 0	"Lost"     0 0 0	0 0 0
000343 1497272298081383 57.000028 0.999936	0 "Flow 0" 0.120	"Sent"     0 0 0	0 0 0
000344 1497272298081383 57.000028 0.999936	0 "Flow 0" 0.120	"Received" 621231800 443737 402965	11370800 8122 7996
000345 1497272298081383 57.000028 0.999936	0 "Flow 0" 0.120	"Lost"     0 0 0	0 0 0
000346 1497272298081383 57.000028 0.999936	-1 "Total" 0	"Sent"     0 0 0	0 0 0
000347 1497272298081383 57.000028 0.999936	-1 "Total" 0	"Received" 621231800 443737 402965	11370800 8122 7996
000348 1497272298081383 57.000028 0.999936	-1 "Total" 0	"Lost"     0 0 0	0 0 0
000349 1497272299081355 58.000000 0.999972	0 "Flow 0" 9.148	"Sent"     0 0 0	0 0 0
000350 1497272299081355 58.000000 0.999972	0 "Flow 0" 9.148	"Received" 632773400 451981 411061	11541600 8244 8096
000351 1497272299081355 58.000000 0.999972	0 "Flow 0" 9.148	"Lost"     0 0 0	0 0 0
000352 1497272299081355 58.000000 0.999972	-1 "Total" 0	"Sent"     0 0 0	0 0 0
000353 1497272299081355 58.000000 0.999972	-1 "Total" 0	"Received" 632773400 451981 411061	11541600 8244 8096
000354 1497272299081355 58.000000 0.999972	-1 "Total" 0	"Lost"     0 0 0	0 0 0
000355 1497272300081509 59.000154 1.000154	0 "Flow 0" 0.117	"Sent"     0 0 0	0 0 0
000356 1497272300081509 59.000154 1.000154	0 "Flow 0" 0.117	"Received" 644253400 460181 419304	11480000 8200 8243
000357 1497272300081509 59.000154 1.000154	0 "Flow 0" 0.117	"Lost"     0 0 0	0 0 0
000358 1497272300081509 59.000154 1.000154	-1 "Total" 0	"Sent"     0 0 0	0 0 0
000359 1497272300081509 59.000154 1.000154	-1 "Total" 0	"Received" 644253400 460181 419304	11480000 8200 8243
000360 1497272300081509 59.000154 1.000154	-1 "Total" 0	"Lost"     0 0 0	0 0 0
000361 1497272301082167 60.000812 1.000658	0 "Flow 0" 0.117	"Sent"     0 0 0	0 0 0
000362 1497272301082167 60.000812 1.000658	0 "Flow 0" 0.117	"Received" 654448200 467463 426410	10194800 7282 7106
000363 1497272301082167 60.000812 1.000658	0 "Flow 0" 0.117	"Lost"     0 0 0	0 0 0
000364 1497272301082167 60.000812 1.000658	-1 "Total" 0	"Sent"     0 0 0	0 0 0
000365 1497272301082167 60.000812 1.000658	-1 "Total" 0	"Received" 654448200 467463 426410	10194800 7282 7106
000366 1497272301082167 60.000812 1.000658	-1 "Total" 0	"Lost"     0 0 0	0 0 0
000367 1497272302081738 61.000383 0.999571	0 "Flow 0" 0.117	"Sent"     0 0 0	0 0 0
000368 1497272302081738 61.000383 0.999571	0 "Flow 0" 0.117	"Received" 654448200 467463 426410	0 0 0
000369 1497272302081738 61.000383 0.999571	0 "Flow 0" 0.117	"Lost"     0 0 0	0 0 0
000370 1497272302081738 61.000383 0.999571	-1 "Total" 0	"Sent"     0 0 0	0 0 0
000371 1497272302081738 61.000383 0.999571	-1 "Total" 0	"Received" 654448200 467463 426410	0 0 0
000372 1497272302081738 61.000383 0.999571	-1 "Total" 0	"Lost"     0 0 0	0 0 0
000373 1497272303082196 62.000841 1.000458	0 "Flow 0" 0.117	"Sent"     0 0 0	0 0 0
000374 1497272303082196 62.000841 1.000458	0 "Flow 0" 0.117	"Received" 654448200 467463 426410	0 0 0
000375 1497272303082196 62.000841 1.000458	0 "Flow 0" 0.117	"Lost"     0 0 0	0 0 0
000376 1497272303082196 62.000841 1.000458	-1 "Total" 0	"Sent"     0 0 0	0 0 0
000377 1497272303082196 62.000841 1.000458	-1 "Total" 0	"Received" 654448200 467463 426410	0 0 0
000378 1497272303082196 62.000841 1.000458	-1 "Total" 0	"Lost"     0 0 0	0 0 0
000379 1497272304081775 63.000420 0.999579	0 "Flow 0" 0.117	"Sent"     0 0 0	0 0 0
000380 1497272304081775 63.000420 0.999579	0 "Flow 0" 0.117	"Received" 654448200 467463 426410	0 0 0
000381 1497272304081775 63.000420 0.999579	0 "Flow 0" 0.117	"Lost"     0 0 0	0 0 0
000382 1497272304081775 63.000420 0.999579	-1 "Total" 0	"Sent"     0 0 0	0 0 0
000383 1497272304081775 63.000420 0.999579	-1 "Total" 0	"Received" 654448200 467463 426410	0 0 0
000384 1497272304081775 63.000420 0.999579	-1 "Total" 0	"Lost"     0 0 0	0 0 0
000385 1497272305081602 64.000247 0.999827	0 "Flow 0" 0.117	"Sent"     0 0 0	0 0 0
000386 1497272305081602 64.000247 0.999827	0 "Flow 0" 0.117	"Received" 654448200 467463 426410	0 0 0
000387 1497272305081602 64.000247 0.999827	0 "Flow 0" 0.117	"Lost"     0 0 0	0 0 0
000388 1497272305081602 64.000247 0.999827	-1 "Total" 0	"Sent"     0 0 0	0 0 0
000389 1497272305081602 64.000247 0.999827	-1 "Total" 0	"Received" 654448200 467463 426410	0 0 0
000390 1497272305081602 64.000247 0.999827	-1 "Total" 0	"Lost"     0 0 0	0 0 0
000391 1497272306081944 65.000589 1.000342	0 "Flow 0" 0.117	"Sent"     0 0 0	0 0 0
000392 1497272306081944 65.000589 1.000342	0 "Flow 0" 0.117	"Received" 654448200 467463 426410	0 0 0
000393 1497272306081944 65.000589 1.000342	0 "Flow 0" 0.117	"Lost"     0 0 0	0 0 0
000394 1497272306081944 65.000589 1.000342	-1 "Total" 0	"Sent"     0 0 0	0 0 0
000395 1497272306081944 65.000589 1.000342	-1 "Total" 0	"Received" 654448200 467463 426410	0 0 0
000396 1497272306081944 65.000589 1.000342	-1 "Total" 0	"Lost"     0 0 0	0 0 0
000397 1497272307081576 66.000221 0.999632	0 "Flow 0" 0.117	"Sent"     0 0 0	0 0 0
000398 1497272307081576 66.000221 0.999632	0 "Flow 0" 0.117	"Received" 654448200 467463 426410	0 0 0
000399 1497272307081576 66.000221 0.999632	0 "Flow 0" 0.117	"Lost"     0 0 0	0 0 0
000400 1497272307081576 66.000221 0.999632	-1 "Total" 0	"Sent"     0 0 0	0 0 0
000401 1497272307081576 66.000221 0.999632	-1 "Total" 0	"Received" 654448200 467463 426410	0 0 0
000402 1497272307081576 66.000221 0.999632	-1 "Total" 0	"Lost"     0 0 0	0 0 0
000403 1497272308081953 67.000598 1.000377	0 "Flow 0" 0.117	"Sent"     0 0 0	0 0 0
000404 1497272308081953 67.000598 1.000377	0 "Flow 0" 0.117	"Received" 654448200 467463 426410	0 0 0
000405 1497272308081953 67.000598 1.000377	0 "Flow 0" 0.117	"Lost"     0 0 0	0 0 0
000406 1497272308081953 67.000598 1.000377	-1 "Total" 0	"Sent"     0 0 0	0 0 0
000407 1497272308081953 67.000598 1.000377	-1 "Total" 0	"Received" 654448200 467463 426410	0 0 0
000408 1497272308081953 67.000598 1.000377	-1 "Total" 0	"Lost"     0 0 0	0 0 0
000409 1497272309081619 68.000264 0.999666	0 "Flow 0" 0.117	"Sent"     0 0 0	0 0 0
000410 1497272309081619 68.000264 0.999666	0 "Flow 0" 0.117	"Received" 654448200 467463 426410	0 0 0
000411 1497272309081619 68.000264 0.999666	0 "Flow 0" 0.117	"Lost"     0 0 0	0 0 0
000412 1497272309081619 68.000264 0.999666	-1 "Total" 0	"Sent"     0 0 0	0 0 0
000413 1497272309081619 68.000264 0.999666	-1 "Total" 0	"Received" 654448200 467463 426410	0 0 0
000414 1497272309081619 68.000264 0.999666	-1 "Total" 0	"Lost"     0 0 0	0 0 0
000415 1497272310081860 69.000505 1.000241	0 "Flow 0" 0.117	"Sent"     0 0 0	0 0 0
000416 1497272310081860 69.000505 1.000241	0 "Flow 0" 0.117	"Received" 654448200 467463 426410	0 0 0
000417 1497272310081860 69.000505 1.000241	0 "Flow 0" 0.117	"Lost"     0 0 0	0 0 0
000418 1497272310081860 69.000505 1.000241	-1 "Total" 0	"Sent"     0 0 0	0 0 0
000419 1497272310081860 69.000505 1.000241	-1 "Total" 0	"Received" 654448200 467463 426410	0 0 0
000420 1497272310081860 69.000505 1.000241	-1 "Total" 0	"Lost"     0 0 0	0 0 0
000421 1497272311082514 70.001159 1.000654	0 "Flow 0" 0.117	"Sent"     0 0 0	0 0 0
000422 1497272311082514 70.001159 1.000654	0 "Flow 0" 0.117	"Received" 654448200 467463 426410	0 0 0
000423 1497272311082514 70.001159 1.000654	0 "Flow 0" 0.117	"Lost"     0 0 0	0 0 0
000424 1497272311082514 70.001159 1.000654	-1 "Total" 0	"Sent"     0 0 0	0 0 0
000425 1497272311082514 70.001159 1.000654	-1 "Total" 0	"Received" 654448200 467463 426410	0 0 0
000426 1497272311082514 70.001159 1.000654	-1 "Total" 0	"Lost"     0 0 0	0 0 0
000427 1497272312081725 71.000370 0.999211	0 "Flow 0" 0.117	"Sent"     0 0 0	0 0 0
000428 1497272312081725 71.000370 0.999211	0 "Flow 0" 0.117	"Received" 654448200 467463 426410	0 0 0
000429 1497272312081725 71.000370 0.999211	0 "Flow 0" 0.117	"Lost"     0 0 0	0 0 0
000430 1497272312081725 71.000370 0.999211	-1 "Total" 0	"Sent"     0 0 0	0 0 0
000431 1497272312081725 71.000370 0.999211	-1 "Total" 0	"Received" 654448200 467463 426410	0 0 0
000432 1497272312081725 71.000370 0.999211	-1 "Total" 0	"Lost"     0 0 0	0 0 0
000433 1497272313082266 72.000911 1.000541	0 "Flow 0" 0.117	"Sent"     0 0 0	0 0 0
000434 1497272313082266 72.000911 1.000541	0 "Flow 0" 0.117	"Received" 654448200 467463 426410	0 0 0
000435 1497272313082266 72.000911 1.000541	0 "Flow 0" 0.117	"Lost"     0 0 0	0 0 0
000436 1497272313082266 72.000911 1.000541	-1 "Total" 0	"Sent"     0 0 0	0 0 0
000437 1497272313082266 72.000911 1.000541	-1 "Total" 0	"Received" 654448200 467463 426410	0 0 0
000438 1497272313082266 72.000911 1.000541	-1 "Total" 0	"Lost"     0 0 0	0 0 0
000439 1497272314081709 73.000354 0.999443	0 "Flow 0" 0.117	"Sent"     0 0 0	0 0 0
000440 1497272314081709 73.000354 0.999443	0 "Flow 0" 0.117	"Received" 654448200 467463 426410	0 0 0
000441 1497272314081709 73.000354 0.999443	0 "Flow 0" 0.117	"Lost"     0 0 0	0 0 0
000442 1497272314081709 73.000354 0.999443	-1 "Total" 0	"Sent"     0 0 0	0 0 0
000443 1497272314081709 73.000354 0.999443	-1 "Total" 0	"Received" 654448200 467463 426410	0 0 0
000444 1497272314081709 73.000354 0.999443	-1 "Total" 0	"Lost"     0 0 0	0 0 0
000445 1497272315082247 74.000892 1.000538	0 "Flow 0" 0.117	"Sent"     0 0 0	0 0 0
000446 1497272315082247 74.000892 1.000538	0 "Flow 0" 0.117	"Received" 654448200 467463 426410	0 0 0
000447 1497272315082247 74.000892 1.000538	0 "Flow 0" 0.117	"Lost"     0 0 0	0 0 0
000448 1497272315082247 74.000892 1.000538	-1 "Total" 0	"Sent"     0 0 0	0 0 0
000449 1497272315082247 74.000892 1.000538	-1 "Total" 0	"Received" 654448200 467463 426410	0 0 0
000450 1497272315082247 74.000892 1.000538	-1 "Total" 0	"Lost"     0 0 0	0 0 0
000451 1497272316081571 75.000216 0.999324	0 "Flow 0" 0.117	"Sent"     0 0 0	0 0 0
000452 1497272316081571 75.000216 0.999324	0 "Flow 0" 0.117	"Received" 654448200 467463 426410	0 0 0
000453 1497272316081571 75.000216 0.999324	0 "Flow 0" 0.117	"Lost"     0 0 0	0 0 0
000454 1497272316081571 75.000216 0.999324	-1 "Total" 0	"Sent"     0 0 0	0 0 0
000455 1497272316081571 75.000216 0.999324	-1 "Total" 0	"Received" 654448200 467463 426410	0 0 0
000456 1497272316081571 75.000216 0.999324	-1 "Total" 0	"Lost"     0 0 0	0 0 0
000457 1497272317082042 76.000687 1.000471	0 "Flow 0" 0.117	"Sent"     0 0 0	0 0 0
000458 1497272317082042 76.000687 1.000471	0 "Flow 0" 0.117	"Received" 654448200 467463 426410	0 0 0
000459 1497272317082042 76.000687 1.000471	0 "Flow 0" 0.117	"Lost"     0 0 0	0 0 0
000460 1497272317082042 76.000687 1.000471	-1 "Total" 0	"Sent"     0 0 0	0 0 0
000461 1497272317082042 76.000687 1.000471	-1 "Total" 0	"Received" 654448200 467463 426410	0 0 0
000462 1497272317082042 76.000687 1.000471	-1 "Total" 0	"Lost"     0 0 0	0 0 0
000463 1497272318081642 77.000287 0.999600	0 "Flow 0" 0.117	"Sent"     0 0 0	0 0 0
000464 1497272318081642 77.000287 0.999600	0 "Flow 0" 0.117	"Received" 654448200 467463 426410	0 0 0
000465 1497272318081642 77.000287 0.999600	0 "Flow 0" 0.117	"Lost"     0 0 0	0 0 0
000466 1497272318081642 77.000287 0.999600	-1 "Total" 0	"Sent"     0 0 0	0 0 0
000467 1497272318081642 77.000287 0.999600	-1 "Total" 0	"Received" 654448200 467463 426410	0 0 0
000468 1497272318081642 77.000287 0.999600	-1 "Total" 0	"Lost"     0 0 0	0 0 0
000469 1497272319081761 78.000406 1.000119	0 "Flow 0" 0.117	"Sent"     0 0 0	0 0 0
000470 1497272319081761 78.000406 1.000119	0 "Flow 0" 0.117	"Received" 654448200 467463 426410	0 0 0
000471 1497272319081761 78.000406 1.000119	0 "Flow 0" 0.117	"Lost"     0 0 0	0 0 0
000472 1497272319081761 78.000406 1.000119	-1 "Total" 0	"Sent"     0 0 0	0 0 0
000473 1497272319081761 78.000406 1.000119	-1 "Total" 0	"Received" 654448200 467463 426410	0 0 0
000474 1497272319081761 78.000406 1.000119	-1 "Total" 0	"Lost"     0 0 0	0 0 0
000475 1497272320081987 79.000632 1.000226	0 "Flow 0" 0.117	"Sent"     0 0 0	0 0 0
000476 1497272320081987 79.000632 1.000226	0 "Flow 0" 0.117	"Received" 654448200 467463 426410	0 0 0
000477 1497272320081987 79.000632 1.000226	0 "Flow 0" 0.117	"Lost"     0 0 0	0 0 0
000478 1497272320081987 79.000632 1.000226	-1 "Total" 0	"Sent"     0 0 0	0 0 0
000479 1497272320081987 79.000632 1.000226	-1 "Total" 0	"Received" 654448200 467463 426410	0 0 0
000480 1497272320081987 79.000632 1.000226	-1 "Total" 0	"Lost"     0 0 0	0 0 0
000481 1497272321081542 80.000187 0.999555	0 "Flow 0" 0.117	"Sent"     0 0 0	0 0 0
000482 1497272321081542 80.000187 0.999555	0 "Flow 0" 0.117	"Received" 654448200 467463 426410	0 0 0
000483 1497272321081542 80.000187 0.999555	0 "Flow 0" 0.117	"Lost"     0 0 0	0 0 0
000484 1497272321081542 80.000187 0.999555	-1 "Total" 0	"Sent"     0 0 0	0 0 0
000485 1497272321081542 80.000187 0.999555	-1 "Total" 0	"Received" 654448200 467463 426410	0 0 0
000486 1497272321081542 80.000187 0.999555	-1 "Total" 0	"Lost"     0 0 0	0 0 0
000487 1497272322081770 81.000415 1.000228	0 "Flow 0" 0.117	"Sent"     0 0 0	0 0 0
000488 1497272322081770 81.000415 1.000228	0 "Flow 0" 0.117	"Received" 654448200 467463 426410	0 0 0
000489 1497272322081770 81.000415 1.000228	0 "Flow 0" 0.117	"Lost"     0 0 0	0 0 0
000490 1497272322081770 81.000415 1.000228	-1 "Total" 0	"Sent"     0 0 0	0 0 0
000491 1497272322081770 81.000415 1.000228	-1 "Total" 0	"Received" 654448200 467463 426410	0 0 0
000492 1497272322081770 81.000415 1.000228	-1 "Total" 0	"Lost"     0 0 0	0 0 0
000493 1497272323082165 82.000810 1.000395	0 "Flow 0" 0.117	"Sent"     0 0 0	0 0 0
000494 1497272323082165 82.000810 1.000395	0 "Flow 0" 0.117	"Received" 654448200 467463 426410	0 0 0
000495 1497272323082165 82.000810 1.000395	0 "Flow 0" 0.117	"Lost"     0 0 0	0 0 0
000496 1497272323082165 82.000810 1.000395	-1 "Total" 0	"Sent"     0 0 0	0 0 0
000497 1497272323082165 82.000810 1.000395	-1 "Total" 0	"Received" 654448200 467463 426410	0 0 0
000498 1497272323082165 82.000810 1.000395	-1 "Total" 0	"Lost"     0 0 0	0 0 0
000499 1497272324081595 83.000240 0.999430	0 "Flow 0" 0.117	"Sent"     0 0 0	0 0 0
000500 1497272324081595 83.000240 0.999430	0 "Flow 0" 0.117	"Received" 654448200 467463 426410	0 0 0
000501 1497272324081595 83.000240 0.999430	0 "Flow 0" 0.117	"Lost"     0 0 0	0 0 0
000502 1497272324081595 83.000240 0.999430	-1 "Total" 0	"Sent"     0 0 0	0 0 0
000503 1497272324081595 83.000240 0.999430	-1 "Total" 0	"Received" 654448200 467463 426410	0 0 0
000504 1497272324081595 83.000240 0.999430	-1 "Total" 0	"Lost"     0 0 0	0 0 0
000505 1497272325081981 84.000626 1.000386	0 "Flow 0" 0.117	"Sent"     0 0 0	0 0 0
000506 1497272325081981 84.000626 1.000386	0 "Flow 0" 0.117	"Received" 654448200 467463 426410	0 0 0
000507 1497272325081981 84.000626 1.000386	0 "Flow 0" 0.117	"Lost"     0 0 0	0 0 0
000508 1497272325081981 84.000626 1.000386	-1 "Total" 0	"Sent"     0 0 0	0 0 0
000509 1497272325081981 84.000626 1.000386	-1 "Total" 0	"Received" 654448200 467463 426410	0 0 0
000510 1497272325081981 84.000626 1.000386	-1 "Total" 0	"Lost"     0 0 0	0 0 0
000511 1497272326081456 85.000101 0.999475	0 "Flow 0" 0.117	"Sent"     0 0 0	0 0 0
000512 1497272326081456 85.000101 0.999475	0 "Flow 0" 0.117	"Received" 654448200 467463 426410	0 0 0
000513 1497272326081456 85.000101 0.999475	0 "Flow 0" 0.117	"Lost"     0 0 0	0 0 0
000514 1497272326081456 85.000101 0.999475	-1 "Total" 0	"Sent"     0 0 0	0 0 0
000515 1497272326081456 85.000101 0.999475	-1 "Total" 0	"Received" 654448200 467463 426410	0 0 0
000516 1497272326081456 85.000101 0.999475	-1 "Total" 0	"Lost"     0 0 0	0 0 0
000517 1497272327081674 86.000319 1.000218	0 "Flow 0" 0.117	"Sent"     0 0 0	0 0 0
000518 1497272327081674 86.000319 1.000218	0 "Flow 0" 0.117	"Received" 654448200 467463 426410	0 0 0
000519 1497272327081674 86.000319 1.000218	0 "Flow 0" 0.117	"Lost"     0 0 0	0 0 0
000520 1497272327081674 86.000319 1.000218	-1 "Total" 0	"Sent"     0 0 0	0 0 0
000521 1497272327081674 86.000319 1.000218	-1 "Total" 0	"Received" 654448200 467463 426410	0 0 0
000522 1497272327081674 86.000319 1.000218	-1 "Total" 0	"Lost"     0 0 0	0 0 0
000523 1497272328082126 87.000771 1.000452	0 "Flow 0" 0.117	"Sent"     0 0 0	0 0 0
000524 1497272328082126 87.000771 1.000452	0 "Flow 0" 0.117	"Received" 654448200 467463 426410	0 0 0
000525 1497272328082126 87.000771 1.000452	0 "Flow 0" 0.117	"Lost"     0 0 0	0 0 0
000526 1497272328082126 87.000771 1.000452	-1 "Total" 0	"Sent"     0 0 0	0 0 0
000527 1497272328082126 87.000771 1.000452	-1 "Total" 0	"Received" 654448200 467463 426410	0 0 0
000528 1497272328082126 87.000771 1.000452	-1 "Total" 0	"Lost"     0 0 0	0 0 0
000529 1497272329081654 88.000299 0.999528	0 "Flow 0" 0.117	"Sent"     0 0 0	0 0 0
000530 1497272329081654 88.000299 0.999528	0 "Flow 0" 0.117	"Received" 654448200 467463 426410	0 0 0
000531 1497272329081654 88.000299 0.999528	0 "Flow 0" 0.117	"Lost"     0 0 0	0 0 0
000532 1497272329081654 88.000299 0.999528	-1 "Total" 0	"Sent"     0 0 0	0 0 0
000533 1497272329081654 88.000299 0.999528	-1 "Total" 0	"Received" 654448200 467463 426410	0 0 0
000534 1497272329081654 88.000299 0.999528	-1 "Total" 0	"Lost"     0 0 0	0 0 0
000535 1497272330082151 89.000796 1.000497	0 "Flow 0" 0.117	"Sent"     0 0 0	0 0 0
000536 1497272330082151 89.000796 1.000497	0 "Flow 0" 0.117	"Received" 654448200 467463 426410	0 0 0
000537 1497272330082151 89.000796 1.000497	0 "Flow 0" 0.117	"Lost"     0 0 0	0 0 0
000538 1497272330082151 89.000796 1.000497	-1 "Total" 0	"Sent"     0 0 0	0 0 0
000539 1497272330082151 89.000796 1.000497	-1 "Total" 0	"Received" 654448200 467463 426410	0 0 0
000540 1497272330082151 89.000796 1.000497	-1 "Total" 0	"Lost"     0 0 0	0 0 0
000541 1497272331081623 90.000268 0.999472	0 "Flow 0" 0.117	"Sent"     0 0 0	0 0 0
000542 1497272331081623 90.000268 0.999472	0 "Flow 0" 0.117	"Received" 654448200 467463 426410	0 0 0
000543 1497272331081623 90.000268 0.999472	0 "Flow 0" 0.117	"Lost"     0 0 0	0 0 0
000544 1497272331081623 90.000268 0.999472	-1 "Total" 0	"Sent"     0 0 0	0 0 0
000545 1497272331081623 90.000268 0.999472	-1 "Total" 0	"Received" 654448200 467463 426410	0 0 0
000546 1497272331081623 90.000268 0.999472	-1 "Total" 0	"Lost"     0 0 0	0 0 0
000547 1497272332081786 91.000431 1.000163	0 "Flow 0" 0.117	"Sent"     0 0 0	0 0 0
000548 1497272332081786 91.000431 1.000163	0 "Flow 0" 0.117	"Received" 654448200 467463 426410	0 0 0
000549 1497272332081786 91.000431 1.000163	0 "Flow 0" 0.117	"Lost"     0 0 0	0 0 0
000550 1497272332081786 91.000431 1.000163	-1 "Total" 0	"Sent"     0 0 0	0 0 0
000551 1497272332081786 91.000431 1.000163	-1 "Total" 0	"Received" 654448200 467463 426410	0 0 0
000552 1497272332081786 91.000431 1.000163	-1 "Total" 0	"Lost"     0 0 0	0 0 0
000553 1497272333082207 92.000852 1.000421	0 "Flow 0" 0.117	"Sent"     0 0 0	0 0 0
000554 1497272333082207 92.000852 1.000421	0 "Flow 0" 0.117	"Received" 654448200 467463 426410	0 0 0
000555 1497272333082207 92.000852 1.000421	0 "Flow 0" 0.117	"Lost"     0 0 0	0 0 0
000556 1497272333082207 92.000852 1.000421	-1 "Total" 0	"Sent"     0 0 0	0 0 0
000557 1497272333082207 92.000852 1.000421	-1 "Total" 0	"Received" 654448200 467463 426410	0 0 0
000558 1497272333082207 92.000852 1.000421	-1 "Total" 0	"Lost"     0 0 0	0 0 0
000559 1497272334081455 93.000100 0.999248	0 "Flow 0" 0.117	"Sent"     0 0 0	0 0 0
000560 1497272334081455 93.000100 0.999248	0 "Flow 0" 0.117	"Received" 654448200 467463 426410	0 0 0
000561 1497272334081455 93.000100 0.999248	0 "Flow 0" 0.117	"Lost"     0 0 0	0 0 0
000562 1497272334081455 93.000100 0.999248	-1 "Total" 0	"Sent"     0 0 0	0 0 0
000563 1497272334081455 93.000100 0.999248	-1 "Total" 0	"Received" 654448200 467463 426410	0 0 0
000564 1497272334081455 93.000100 0.999248	-1 "Total" 0	"Lost"     0 0 0	0 0 0
000565 1497272335081934 94.000579 1.000479	0 "Flow 0" 0.117	"Sent"     0 0 0	0 0 0
000566 1497272335081934 94.000579 1.000479	0 "Flow 0" 0.117	"Received" 654448200 467463 426410	0 0 0
000567 1497272335081934 94.000579 1.000479	0 "Flow 0" 0.117	"Lost"     0 0 0	0 0 0
000568 1497272335081934 94.000579 1.000479	-1 "Total" 0	"Sent"     0 0 0	0 0 0
000569 1497272335081934 94.000579 1.000479	-1 "Total" 0	"Received" 654448200 467463 426410	0 0 0
000570 1497272335081934 94.000579 1.000479	-1 "Total" 0	"Lost"     0 0 0	0 0 0
000571 1497272336082189 95.000834 1.000255	0 "Flow 0" 0.117	"Sent"     0 0 0	0 0 0
000572 1497272336082189 95.000834 1.000255	0 "Flow 0" 0.117	"Received" 654448200 467463 426410	0 0 0
000573 1497272336082189 95.000834 1.000255	0 "Flow 0" 0.117	"Lost"     0 0 0	0 0 0
000574 1497272336082189 95.000834 1.000255	-1 "Total" 0	"Sent"     0 0 0	0 0 0
000575 1497272336082189 95.000834 1.000255	-1 "Total" 0	"Received" 654448200 467463 426410	0 0 0
000576 1497272336082189 95.000834 1.000255	-1 "Total" 0	"Lost"     0 0 0	0 0 0
000577 1497272337081557 96.000202 0.999368	0 "Flow 0" 0.117	"Sent"     0 0 0	0 0 0
000578 1497272337081557 96.000202 0.999368	0 "Flow 0" 0.117	"Received" 654448200 467463 426410	0 0 0
000579 1497272337081557 96.000202 0.999368	0 "Flow 0" 0.117	"Lost"     0 0 0	0 0 0
000580 1497272337081557 96.000202 0.999368	-1 "Total" 0	"Sent"     0 0 0	0 0 0
000581 1497272337081557 96.000202 0.999368	-1 "Total" 0	"Received" 654448200 467463 426410	0 0 0
000582 1497272337081557 96.000202 0.999368	-1 "Total" 0	"Lost"     0 0 0	0 0 0
000583 1497272338082031 97.000676 1.000474	0 "Flow 0" 0.117	"Sent"     0 0 0	0 0 0
000584 1497272338082031 97.000676 1.000474	0 "Flow 0" 0.117	"Received" 654448200 467463 426410	0 0 0
000585 1497272338082031 97.000676 1.000474	0 "Flow 0" 0.117	"Lost"     0 0 0	0 0 0
000586 1497272338082031 97.000676 1.000474	-1 "Total" 0	"Sent"     0 0 0	0 0 0
000587 1497272338082031 97.000676 1.000474	-1 "Total" 0	"Received" 654448200 467463 426410	0 0 0
000588 1497272338082031 97.000676 1.000474	-1 "Total" 0	"Lost"     0 0 0	0 0 0
000589 1497272339081571 98.000216 0.999540	0 "Flow 0" 0.117	"Sent"     0 0 0	0 0 0
000590 1497272339081571 98.000216 0.999540	0 "Flow 0" 0.117	"Received" 654448200 467463 426410	0 0 0
000591 1497272339081571 98.000216 0.999540	0 "Flow 0" 0.117	"Lost"     0 0 0	0 0 0
000592 1497272339081571 98.000216 0.999540	-1 "Total" 0	"Sent"     0 0 0	0 0 0
000593 1497272339081571 98.000216 0.999540	-1 "Total" 0	"Received" 654448200 467463 426410	0 0 0
000594 1497272339081571 98.000216 0.999540	-1 "Total" 0	"Lost"     0 0 0	0 0 0
000595 1497272340082073 99.000718 1.000502	0 "Flow 0" 0.117	"Sent"     0 0 0	0 0 0
000596 1497272340082073 99.000718 1.000502	0 "Flow 0" 0.117	"Received" 654448200 467463 426410	0 0 0
000597 1497272340082073 99.000718 1.000502	0 "Flow 0" 0.117	"Lost"     0 0 0	0 0 0
000598 1497272340082073 99.000718 1.000502	-1 "Total" 0	"Sent"     0 0 0	0 0 0
000599 1497272340082073 99.000718 1.000502	-1 "Total" 0	"Received" 654448200 467463 426410	0 0 0
000600 1497272340082073 99.000718 1.000502	-1 "Total" 0	"Lost"     0 0 0	0 0 0
000601 1497272341081703 100.000348 0.999630	0 "Flow 0" 0.117	"Sent"     0 0 0	0 0 0
000602 1497272341081703 100.000348 0.999630	0 "Flow 0" 0.117	"Received" 654448200 467463 426410	0 0 0
000603 1497272341081703 100.000348 0.999630	0 "Flow 0" 0.117	"Lost"     0 0 0	0 0 0
000604 1497272341081703 100.000348 0.999630	-1 "Total" 0	"Sent"     0 0 0	0 0 0
000605 1497272341081703 100.000348 0.999630	-1 "Total" 0	"Received" 654448200 467463 426410	0 0 0
000606 1497272341081703 100.000348 0.999630	-1 "Total" 0	"Lost"     0 0 0	0 0 0
000607 1497272342082301 101.000946 1.000598	0 "Flow 0" 0.117	"Sent"     0 0 0	0 0 0
000608 1497272342082301 101.000946 1.000598	0 "Flow 0" 0.117	"Received" 654448200 467463 426410	0 0 0
000609 1497272342082301 101.000946 1.000598	0 "Flow 0" 0.117	"Lost"     0 0 0	0 0 0
000610 1497272342082301 101.000946 1.000598	-1 "Total" 0	"Sent"     0 0 0	0 0 0
000611 1497272342082301 101.000946 1.000598	-1 "Total" 0	"Received" 654448200 467463 426410	0 0 0
000612 1497272342082301 101.000946 1.000598	-1 "Total" 0	"Lost"     0 0 0	0 0 0
000613 1497272343081765 102.000410 0.999464	0 "Flow 0" 0.117	"Sent"     0 0 0	0 0 0
000614 1497272343081765 102.000410 0.999464	0 "Flow 0" 0.117	"Received" 654448200 467463 426410	0 0 0
000615 1497272343081765 102.000410 0.999464	0 "Flow 0" 0.117	"Lost"     0 0 0	0 0 0
000616 1497272343081765 102.000410 0.999464	-1 "Total" 0	"Sent"     0 0 0	0 0 0
000617 1497272343081765 102.000410 0.999464	-1 "Total" 0	"Received" 654448200 467463 426410	0 0 0
000618 1497272343081765 102.000410 0.999464	-1 "Total" 0	"Lost"     0 0 0	0 0 0
000619 1497272344082108 103.000753 1.000343	0 "Flow 0" 0.117	"Sent"     0 0 0	0 0 0
000620 1497272344082108 103.000753 1.000343	0 "Flow 0" 0.117	"Received" 654448200 467463 426410	0 0 0
000621 1497272344082108 103.000753 1.000343	0 "Flow 0" 0.117	"Lost"     0 0 0	0 0 0
000622 1497272344082108 103.000753 1.000343	-1 "Total" 0	"Sent"     0 0 0	0 0 0
000623 1497272344082108 103.000753 1.000343	-1 "Total" 0	"Received" 654448200 467463 426410	0 0 0
000624 1497272344082108 103.000753 1.000343	-1 "Total" 0	"Lost"     0 0 0	0 0 0
000625 1497272345082489 104.001134 1.000381	0 "Flow 0" 0.117	"Sent"     0 0 0	0 0 0
000626 1497272345082489 104.001134 1.000381	0 "Flow 0" 0.117	"Received" 654448200 467463 426410	0 0 0
000627 1497272345082489 104.001134 1.000381	0 "Flow 0" 0.117	"Lost"     0 0 0	0 0 0
000628 1497272345082489 104.001134 1.000381	-1 "Total" 0	"Sent"     0 0 0	0 0 0
000629 1497272345082489 104.001134 1.000381	-1 "Total" 0	"Received" 654448200 467463 426410	0 0 0
000630 1497272345082489 104.001134 1.000381	-1 "Total" 0	"Lost"     0 0 0	0 0 0
000631 1497272346081985 105.000630 0.999496	0 "Flow 0" 0.117	"Sent"     0 0 0	0 0 0
000632 1497272346081985 105.000630 0.999496	0 "Flow 0" 0.117	"Received" 654448200 467463 426410	0 0 0
000633 1497272346081985 105.000630 0.999496	0 "Flow 0" 0.117	"Lost"     0 0 0	0 0 0
000634 1497272346081985 105.000630 0.999496	-1 "Total" 0	"Sent"     0 0 0	0 0 0
000635 1497272346081985 105.000630 0.999496	-1 "Total" 0	"Received" 654448200 467463 426410	0 0 0
000636 1497272346081985 105.000630 0.999496	-1 "Total" 0	"Lost"     0 0 0	0 0 0
000637 1497272347081763 106.000408 0.999778	0 "Flow 0" 0.117	"Sent"     0 0 0	0 0 0
000638 1497272347081763 106.000408 0.999778	0 "Flow 0" 0.117	"Received" 654448200 467463 426410	0 0 0
000639 1497272347081763 106.000408 0.999778	0 "Flow 0" 0.117	"Lost"     0 0 0	0 0 0
000640 1497272347081763 106.000408 0.999778	-1 "Total" 0	"Sent"     0 0 0	0 0 0
000641 1497272347081763 106.000408 0.999778	-1 "Total" 0	"Received" 654448200 467463 426410	0 0 0
000642 1497272347081763 106.000408 0.999778	-1 "Total" 0	"Lost"     0 0 0	0 0 0
000643 1497272348082364 107.001009 1.000601	0 "Flow 0" 0.117	"Sent"     0 0 0	0 0 0
000644 1497272348082364 107.001009 1.000601	0 "Flow 0" 0.117	"Received" 654448200 467463 426410	0 0 0
000645 1497272348082364 107.001009 1.000601	0 "Flow 0" 0.117	"Lost"     0 0 0	0 0 0
000646 1497272348082364 107.001009 1.000601	-1 "Total" 0	"Sent"     0 0 0	0 0 0
000647 1497272348082364 107.001009 1.000601	-1 "Total" 0	"Received" 654448200 467463 426410	0 0 0
000648 1497272348082364 107.001009 1.000601	-1 "Total" 0	"Lost"     0 0 0	0 0 0
000649 1497272349081967 108.000612 0.999603	0 "Flow 0" 0.117	"Sent"     0 0 0	0 0 0
000650 1497272349081967 108.000612 0.999603	0 "Flow 0" 0.117	"Received" 654448200 467463 426410	0 0 0
000651 1497272349081967 108.000612 0.999603	0 "Flow 0" 0.117	"Lost"     0 0 0	0 0 0
000652 1497272349081967 108.000612 0.999603	-1 "Total" 0	"Sent"     0 0 0	0 0 0
000653 1497272349081967 108.000612 0.999603	-1 "Total" 0	"Received" 654448200 467463 426410	0 0 0
000654 1497272349081967 108.000612 0.999603	-1 "Total" 0	"Lost"     0 0 0	0 0 0
000655 1497272350081489 109.000134 0.999522	0 "Flow 0" 0.117	"Sent"     0 0 0	0 0 0
000656 1497272350081489 109.000134 0.999522	0 "Flow 0" 0.117	"Received" 654448200 467463 426410	0 0 0
000657 1497272350081489 109.000134 0.999522	0 "Flow 0" 0.117	"Lost"     0 0 0	0 0 0
000658 1497272350081489 109.000134 0.999522	-1 "Total" 0	"Sent"     0 0 0	0 0 0
000659 1497272350081489 109.000134 0.999522	-1 "Total" 0	"Received" 654448200 467463 426410	0 0 0
000660 1497272350081489 109.000134 0.999522	-1 "Total" 0	"Lost"     0 0 0	0 0 0
000661 1497272351081816 110.000461 1.000327	0 "Flow 0" 0.117	"Sent"     0 0 0	0 0 0
000662 1497272351081816 110.000461 1.000327	0 "Flow 0" 0.117	"Received" 654448200 467463 426410	0 0 0
000663 1497272351081816 110.000461 1.000327	0 "Flow 0" 0.117	"Lost"     0 0 0	0 0 0
000664 1497272351081816 110.000461 1.000327	-1 "Total" 0	"Sent"     0 0 0	0 0 0
000665 1497272351081816 110.000461 1.000327	-1 "Total" 0	"Received" 654448200 467463 426410	0 0 0
000666 1497272351081816 110.000461 1.000327	-1 "Total" 0	"Lost"     0 0 0	0 0 0
000667 1497272352082431 111.001076 1.000615	0 "Flow 0" 0.117	"Sent"     0 0 0	0 0 0
000668 1497272352082431 111.001076 1.000615	0 "Flow 0" 0.117	"Received" 654448200 467463 426410	0 0 0
000669 1497272352082431 111.001076 1.000615	0 "Flow 0" 0.117	"Lost"     0 0 0	0 0 0
000670 1497272352082431 111.001076 1.000615	-1 "Total" 0	"Sent"     0 0 0	0 0 0
000671 1497272352082431 111.001076 1.000615	-1 "Total" 0	"Received" 654448200 467463 426410	0 0 0
000672 1497272352082431 111.001076 1.000615	-1 "Total" 0	"Lost"     0 0 0	0 0 0
000673 1497272353081887 112.000532 0.999456	0 "Flow 0" 0.117	"Sent"     0 0 0	0 0 0
000674 1497272353081887 112.000532 0.999456	0 "Flow 0" 0.117	"Received" 654448200 467463 426410	0 0 0
000675 1497272353081887 112.000532 0.999456	0 "Flow 0" 0.117	"Lost"     0 0 0	0 0 0
000676 1497272353081887 112.000532 0.999456	-1 "Total" 0	"Sent"     0 0 0	0 0 0
000677 1497272353081887 112.000532 0.999456	-1 "Total" 0	"Received" 654448200 467463 426410	0 0 0
000678 1497272353081887 112.000532 0.999456	-1 "Total" 0	"Lost"     0 0 0	0 0 0
000679 1497272354081635 113.000280 0.999748	0 "Flow 0" 0.117	"Sent"     0 0 0	0 0 0
000680 1497272354081635 113.000280 0.999748	0 "Flow 0" 0.117	"Received" 654448200 467463 426410	0 0 0
000681 1497272354081635 113.000280 0.999748	0 "Flow 0" 0.117	"Lost"     0 0 0	0 0 0
000682 1497272354081635 113.000280 0.999748	-1 "Total" 0	"Sent"     0 0 0	0 0 0
000683 1497272354081635 113.000280 0.999748	-1 "Total" 0	"Received" 654448200 467463 426410	0 0 0
000684 1497272354081635 113.000280 0.999748	-1 "Total" 0	"Lost"     0 0 0	0 0 0
000685 1497272355082328 114.000973 1.000693	0 "Flow 0" 0.117	"Sent"     0 0 0	0 0 0
000686 1497272355082328 114.000973 1.000693	0 "Flow 0" 0.117	"Received" 654448200 467463 426410	0 0 0
000687 1497272355082328 114.000973 1.000693	0 "Flow 0" 0.117	"Lost"     0 0 0	0 0 0
000688 1497272355082328 114.000973 1.000693	-1 "Total" 0	"Sent"     0 0 0	0 0 0
000689 1497272355082328 114.000973 1.000693	-1 "Total" 0	"Received" 654448200 467463 426410	0 0 0
000690 1497272355082328 114.000973 1.000693	-1 "Total" 0	"Lost"     0 0 0	0 0 0
000691 1497272356082028 115.000673 0.999700	0 "Flow 0" 0.117	"Sent"     0 0 0	0 0 0
000692 1497272356082028 115.000673 0.999700	0 "Flow 0" 0.117	"Received" 654448200 467463 426410	0 0 0
000693 1497272356082028 115.000673 0.999700	0 "Flow 0" 0.117	"Lost"     0 0 0	0 0 0
000694 1497272356082028 115.000673 0.999700	-1 "Total" 0	"Sent"     0 0 0	0 0 0
000695 1497272356082028 115.000673 0.999700	-1 "Total" 0	"Received" 654448200 467463 426410	0 0 0
000696 1497272356082028 115.000673 0.999700	-1 "Total" 0	"Lost"     0 0 0	0 0 0
000697 1497272357081683 116.000328 0.999655	0 "Flow 0" 0.117	"Sent"     0 0 0	0 0 0
000698 1497272357081683 116.000328 0.999655	0 "Flow 0" 0.117	"Received" 654448200 467463 426410	0 0 0
000699 1497272357081683 116.000328 0.999655	0 "Flow 0" 0.117	"Lost"     0 0 0	0 0 0
000700 1497272357081683 116.000328 0.999655	-1 "Total" 0	"Sent"     0 0 0	0 0 0
000701 1497272357081683 116.000328 0.999655	-1 "Total" 0	"Received" 654448200 467463 426410	0 0 0
000702 1497272357081683 116.000328 0.999655	-1 "Total" 0	"Lost"     0 0 0	0 0 0
000703 1497272358082200 117.000845 1.000517	0 "Flow 0" 0.117	"Sent"     0 0 0	0 0 0
000704 1497272358082200 117.000845 1.000517	0 "Flow 0" 0.117	"Received" 654448200 467463 426410	0 0 0
000705 1497272358082200 117.000845 1.000517	0 "Flow 0" 0.117	"Lost"     0 0 0	0 0 0
000706 1497272358082200 117.000845 1.000517	-1 "Total" 0	"Sent"     0 0 0	0 0 0
000707 1497272358082200 117.000845 1.000517	-1 "Total" 0	"Received" 654448200 467463 426410	0 0 0
000708 1497272358082200 117.000845 1.000517	-1 "Total" 0	"Lost"     0 0 0	0 0 0
000709 1497272359081759 118.000404 0.999559	0 "Flow 0" 0.117	"Sent"     0 0 0	0 0 0
000710 1497272359081759 118.000404 0.999559	0 "Flow 0" 0.117	"Received" 654448200 467463 426410	0 0 0
000711 1497272359081759 118.000404 0.999559	0 "Flow 0" 0.117	"Lost"     0 0 0	0 0 0
000712 1497272359081759 118.000404 0.999559	-1 "Total" 0	"Sent"     0 0 0	0 0 0
000713 1497272359081759 118.000404 0.999559	-1 "Total" 0	"Received" 654448200 467463 426410	0 0 0
000714 1497272359081759 118.000404 0.999559	-1 "Total" 0	"Lost"     0 0 0	0 0 0
000715 1497272360082184 119.000829 1.000425	0 "Flow 0" 0.117	"Sent"     0 0 0	0 0 0
000716 1497272360082184 119.000829 1.000425	0 "Flow 0" 0.117	"Received" 654448200 467463 426410	0 0 0
000717 1497272360082184 119.000829 1.000425	0 "Flow 0" 0.117	"Lost"     0 0 0	0 0 0
000718 1497272360082184 119.000829 1.000425	-1 "Total" 0	"Sent"     0 0 0	0 0 0
000719 1497272360082184 119.000829 1.000425	-1 "Total" 0	"Received" 654448200 467463 426410	0 0 0
000720 1497272360082184 119.000829 1.000425	-1 "Total" 0	"Lost"     0 0 0	0 0 0
000721 1497272361081662 120.000307 0.999478	0 "Flow 0" 0.117	"Sent"     0 0 0	0 0 0
000722 1497272361081662 120.000307 0.999478	0 "Flow 0" 0.117	"Received" 654448200 467463 426410	0 0 0
000723 1497272361081662 120.000307 0.999478	0 "Flow 0" 0.117	"Lost"     0 0 0	0 0 0
000724 1497272361081662 120.000307 0.999478	-1 "Total" 0	"Sent"     0 0 0	0 0 0
000725 1497272361081662 120.000307 0.999478	-1 "Total" 0	"Received" 654448200 467463 426410	0 0 0
000726 1497272361081662 120.000307 0.999478	-1 "Total" 0	"Lost"     0 0 0	0 0 0
