AbsTime RelTime Interval	FlowID Description Jitter	Action	AbsBytes AbsPackets AbsFrames	RelBytes RelPackets RelFrames
000001 1497272490325264 0.000000 0.000000	0 "Flow 0" 0.000	"Sent"     0 0 0	0 0 0
000002 1497272490325264 0.000000 0.000000	0 "Flow 0" 0.000	"Received" 0 0 0	0 0 0
000003 1497272490325264 0.000000 0.000000	0 "Flow 0" 0.000	"Lost"     0 0 0	0 0 0
000004 1497272490325264 0.000000 0.000000	-1 "Total" 0	"Sent"     0 0 0	0 0 0
000005 1497272490325264 0.000000 0.000000	-1 "Total" 0	"Received" 0 0 0	0 0 0
000006 1497272490325264 0.000000 0.000000	-1 "Total" 0	"Lost"     0 0 0	0 0 0
000007 1497272491329598 1.004334 1.004334	0 "Flow 0" 0.009	"Sent"     0 0 0	0 0 0
000008 1497272491329598 1.004334 1.004334	0 "Flow 0" 0.009	"Received" 62931400 44951 0	62931400 44951 0
000009 1497272491329598 1.004334 1.004334	0 "Flow 0" 0.009	"Lost"     0 0 0	0 0 0
000010 1497272491329598 1.004334 1.004334	-1 "Total" 0	"Sent"     0 0 0	0 0 0
000011 1497272491329598 1.004334 1.004334	-1 "Total" 0	"Received" 62931400 44951 0	62931400 44951 0
000012 1497272491329598 1.004334 1.004334	-1 "Total" 0	"Lost"     0 0 0	0 0 0
000013 1497272492325267 2.000003 0.995669	0 "Flow 0" 0.006	"Sent"     0 0 0	0 0 0
000014 1497272492325267 2.000003 0.995669	0 "Flow 0" 0.006	"Received" 133870800 95622 0	70939400 50671 0
000015 1497272492325267 2.000003 0.995669	0 "Flow 0" 0.006	"Lost"     0 0 0	0 0 0
000016 1497272492325267 2.000003 0.995669	-1 "Total" 0	"Sent"     0 0 0	0 0 0
000017 1497272492325267 2.000003 0.995669	-1 "Total" 0	"Received" 133870800 95622 0	70939400 50671 0
000018 1497272492325267 2.000003 0.995669	-1 "Total" 0	"Lost"     0 0 0	0 0 0
000019 1497272493325265 3.000001 0.999998	0 "Flow 0" 0.024	"Sent"     0 0 0	0 0 0
000020 1497272493325265 3.000001 0.999998	0 "Flow 0" 0.024	"Received" 181265000 129475 0	47394200 33853 0
000021 1497272493325265 3.000001 0.999998	0 "Flow 0" 0.024	"Lost"     0 0 0	0 0 0
000022 1497272493325265 3.000001 0.999998	-1 "Total" 0	"Sent"     0 0 0	0 0 0
000023 1497272493325265 3.000001 0.999998	-1 "Total" 0	"Received" 181265000 129475 0	47394200 33853 0
000024 1497272493325265 3.000001 0.999998	-1 "Total" 0	"Lost"     0 0 0	0 0 0
000025 1497272494325666 4.000402 1.000401	0 "Flow 0" 0.076	"Sent"     0 0 0	0 0 0
000026 1497272494325666 4.000402 1.000401	0 "Flow 0" 0.076	"Received" 224551600 160394 0	43286600 30919 0
000027 1497272494325666 4.000402 1.000401	0 "Flow 0" 0.076	"Lost"     0 0 0	0 0 0
000028 1497272494325666 4.000402 1.000401	-1 "Total" 0	"Sent"     0 0 0	0 0 0
000029 1497272494325666 4.000402 1.000401	-1 "Total" 0	"Received" 224551600 160394 0	43286600 30919 0
000030 1497272494325666 4.000402 1.000401	-1 "Total" 0	"Lost"     0 0 0	0 0 0
000031 1497272495325909 5.000645 1.000243	0 "Flow 0" 0.002	"Sent"     0 0 0	0 0 0
000032 1497272495325909 5.000645 1.000243	0 "Flow 0" 0.002	"Received" 254058000 181470 0	29506400 21076 0
000033 1497272495325909 5.000645 1.000243	0 "Flow 0" 0.002	"Lost"     0 0 0	0 0 0
000034 1497272495325909 5.000645 1.000243	-1 "Total" 0	"Sent"     0 0 0	0 0 0
000035 1497272495325909 5.000645 1.000243	-1 "Total" 0	"Received" 254058000 181470 0	29506400 21076 0
000036 1497272495325909 5.000645 1.000243	-1 "Total" 0	"Lost"     0 0 0	0 0 0
000037 1497272496325904 6.000640 0.999995	0 "Flow 0" 0.005	"Sent"     0 0 0	0 0 0
000038 1497272496325904 6.000640 0.999995	0 "Flow 0" 0.005	"Received" 283024000 202160 44951	28966000 20690 44951
000039 1497272496325904 6.000640 0.999995	0 "Flow 0" 0.005	"Lost"     0 0 0	0 0 0
000040 1497272496325904 6.000640 0.999995	-1 "Total" 0	"Sent"     0 0 0	0 0 0
000041 1497272496325904 6.000640 0.999995	-1 "Total" 0	"Received" 283024000 202160 44951	28966000 20690 44951
000042 1497272496325904 6.000640 0.999995	-1 "Total" 0	"Lost"     0 0 0	0 0 0
000043 1497272497326042 7.000778 1.000138	0 "Flow 0" 0.001	"Sent"     0 0 0	0 0 0
000044 1497272497326042 7.000778 1.000138	0 "Flow 0" 0.001	"Received" 305986800 218562 95337	22962800 16402 50386
000045 1497272497326042 7.000778 1.000138	0 "Flow 0" 0.001	"Lost"     0 0 0	0 0 0
000046 1497272497326042 7.000778 1.000138	-1 "Total" 0	"Sent"     0 0 0	0 0 0
000047 1497272497326042 7.000778 1.000138	-1 "Total" 0	"Received" 305986800 218562 95337	22962800 16402 50386
000048 1497272497326042 7.000778 1.000138	-1 "Total" 0	"Lost"     0 0 0	0 0 0
000049 1497272498325467 8.000203 0.999425	0 "Flow 0" 0.002	"Sent"     0 0 0	0 0 0
000050 1497272498325467 8.000203 0.999425	0 "Flow 0" 0.002	"Received" 325882200 232773 129438	19895400 14211 34101
000051 1497272498325467 8.000203 0.999425	0 "Flow 0" 0.002	"Lost"     0 0 0	0 0 0
000052 1497272498325467 8.000203 0.999425	-1 "Total" 0	"Sent"     0 0 0	0 0 0
000053 1497272498325467 8.000203 0.999425	-1 "Total" 0	"Received" 325882200 232773 129438	19895400 14211 34101
000054 1497272498325467 8.000203 0.999425	-1 "Total" 0	"Lost"     0 0 0	0 0 0
000055 1497272499325637 9.000373 1.000170	0 "Flow 0" 0.685	"Sent"     0 0 0	0 0 0
000056 1497272499325637 9.000373 1.000170	0 "Flow 0" 0.685	"Received" 344216600 245869 160338	18334400 13096 30900
000057 1497272499325637 9.000373 1.000170	0 "Flow 0" 0.685	"Lost"     0 0 0	0 0 0
000058 1497272499325637 9.000373 1.000170	-1 "Total" 0	"Sent"     0 0 0	0 0 0
000059 1497272499325637 9.000373 1.000170	-1 "Total" 0	"Received" 344216600 245869 160338	18334400 13096 30900
000060 1497272499325637 9.000373 1.000170	-1 "Total" 0	"Lost"     0 0 0	0 0 0
000061 1497272500325779 10.000515 1.000142	0 "Flow 0" 0.010	"Sent"     0 0 0	0 0 0
000062 1497272500325779 10.000515 1.000142	0 "Flow 0" 0.010	"Received" 362234600 258739 181296	18018000 12870 20958
000063 1497272500325779 10.000515 1.000142	0 "Flow 0" 0.010	"Lost"     0 0 0	0 0 0
000064 1497272500325779 10.000515 1.000142	-1 "Total" 0	"Sent"     0 0 0	0 0 0
000065 1497272500325779 10.000515 1.000142	-1 "Total" 0	"Received" 362234600 258739 181296	18018000 12870 20958
000066 1497272500325779 10.000515 1.000142	-1 "Total" 0	"Lost"     0 0 0	0 0 0
000067 1497272501325990 11.000726 1.000211	0 "Flow 0" 0.005	"Sent"     0 0 0	0 0 0
000068 1497272501325990 11.000726 1.000211	0 "Flow 0" 0.005	"Received" 374110800 267222 201781	11876200 8483 20485
000069 1497272501325990 11.000726 1.000211	0 "Flow 0" 0.005	"Lost"     0 0 0	0 0 0
000070 1497272501325990 11.000726 1.000211	-1 "Total" 0	"Sent"     0 0 0	0 0 0
000071 1497272501325990 11.000726 1.000211	-1 "Total" 0	"Received" 374110800 267222 201781	11876200 8483 20485
000072 1497272501325990 11.000726 1.000211	-1 "Total" 0	"Lost"     0 0 0	0 0 0
000073 1497272502325343 12.000079 0.999353	0 "Flow 0" 1.029	"Sent"     0 0 0	0 0 0
000074 1497272502325343 12.000079 0.999353	0 "Flow 0" 1.029	"Received" 386387400 275991 218562	12276600 8769 16781
000075 1497272502325343 12.000079 0.999353	0 "Flow 0" 1.029	"Lost"     0 0 0	0 0 0
000076 1497272502325343 12.000079 0.999353	-1 "Total" 0	"Sent"     0 0 0	0 0 0
000077 1497272502325343 12.000079 0.999353	-1 "Total" 0	"Received" 386387400 275991 218562	12276600 8769 16781
000078 1497272502325343 12.000079 0.999353	-1 "Total" 0	"Lost"     0 0 0	0 0 0
000079 1497272503325294 13.000030 0.999951	0 "Flow 0" 0.009	"Sent"     0 0 0	0 0 0
000080 1497272503325294 13.000030 0.999951	0 "Flow 0" 0.009	"Received" 399551600 285394 232773	13164200 9403 14211
000081 1497272503325294 13.000030 0.999951	0 "Flow 0" 0.009	"Lost"     0 0 0	0 0 0
000082 1497272503325294 13.000030 0.999951	-1 "Total" 0	"Sent"     0 0 0	0 0 0
000083 1497272503325294 13.000030 0.999951	-1 "Total" 0	"Received" 399551600 285394 232773	13164200 9403 14211
000084 1497272503325294 13.000030 0.999951	-1 "Total" 0	"Lost"     0 0 0	0 0 0
000085 1497272504372205 14.046941 1.046911	0 "Flow 0" 0.004	"Sent"     0 0 0	0 0 0
000086 1497272504372205 14.046941 1.046911	0 "Flow 0" 0.004	"Received" 413854000 295610 245202	14302400 10216 12429
000087 1497272504372205 14.046941 1.046911	0 "Flow 0" 0.004	"Lost"     0 0 0	0 0 0
000088 1497272504372205 14.046941 1.046911	-1 "Total" 0	"Sent"     0 0 0	0 0 0
000089 1497272504372205 14.046941 1.046911	-1 "Total" 0	"Received" 413854000 295610 245202	14302400 10216 12429
000090 1497272504372205 14.046941 1.046911	-1 "Total" 0	"Lost"     0 0 0	0 0 0
000091 1497272505325281 15.000017 0.953076	0 "Flow 0" 0.010	"Sent"     0 0 0	0 0 0
000092 1497272505325281 15.000017 0.953076	0 "Flow 0" 0.010	"Received" 430833200 307738 258739	16979200 12128 13537
000093 1497272505325281 15.000017 0.953076	0 "Flow 0" 0.010	"Lost"     0 0 0	0 0 0
000094 1497272505325281 15.000017 0.953076	-1 "Total" 0	"Sent"     0 0 0	0 0 0
000095 1497272505325281 15.000017 0.953076	-1 "Total" 0	"Received" 430833200 307738 258739	16979200 12128 13537
000096 1497272505325281 15.000017 0.953076	-1 "Total" 0	"Lost"     0 0 0	0 0 0
000097 1497272506325435 16.000171 1.000154	0 "Flow 0" 0.004	"Sent"     0 0 0	0 0 0
000098 1497272506325435 16.000171 1.000154	0 "Flow 0" 0.004	"Received" 447433000 319595 267222	16599800 11857 8483
000099 1497272506325435 16.000171 1.000154	0 "Flow 0" 0.004	"Lost"     0 0 0	0 0 0
000100 1497272506325435 16.000171 1.000154	-1 "Total" 0	"Sent"     0 0 0	0 0 0
000101 1497272506325435 16.000171 1.000154	-1 "Total" 0	"Received" 447433000 319595 267222	16599800 11857 8483
000102 1497272506325435 16.000171 1.000154	-1 "Total" 0	"Lost"     0 0 0	0 0 0
000103 1497272507325264 17.000000 0.999829	0 "Flow 0" 0.012	"Sent"     0 0 0	0 0 0
000104 1497272507325264 17.000000 0.999829	0 "Flow 0" 0.012	"Received" 465102400 332216 275990	17669400 12621 8768
000105 1497272507325264 17.000000 0.999829	0 "Flow 0" 0.012	"Lost"     0 0 0	0 0 0
000106 1497272507325264 17.000000 0.999829	-1 "Total" 0	"Sent"     0 0 0	0 0 0
000107 1497272507325264 17.000000 0.999829	-1 "Total" 0	"Received" 465102400 332216 275990	17669400 12621 8768
000108 1497272507325264 17.000000 0.999829	-1 "Total" 0	"Lost"     0 0 0	0 0 0
000109 1497272508325465 18.000201 1.000201	0 "Flow 0" 0.005	"Sent"     0 0 0	0 0 0
000110 1497272508325465 18.000201 1.000201	0 "Flow 0" 0.005	"Received" 484394400 345996 285213	19292000 13780 9223
000111 1497272508325465 18.000201 1.000201	0 "Flow 0" 0.005	"Lost"     0 0 0	0 0 0
000112 1497272508325465 18.000201 1.000201	-1 "Total" 0	"Sent"     0 0 0	0 0 0
000113 1497272508325465 18.000201 1.000201	-1 "Total" 0	"Received" 484394400 345996 285213	19292000 13780 9223
000114 1497272508325465 18.000201 1.000201	-1 "Total" 0	"Lost"     0 0 0	0 0 0
000115 1497272509325789 19.000525 1.000324	0 "Flow 0" 0.003	"Sent"     0 0 0	0 0 0
000116 1497272509325789 19.000525 1.000324	0 "Flow 0" 0.003	"Received" 504884800 360632 295610	20490400 14636 10397
000117 1497272509325789 19.000525 1.000324	0 "Flow 0" 0.003	"Lost"     0 0 0	0 0 0
000118 1497272509325789 19.000525 1.000324	-1 "Total" 0	"Sent"     0 0 0	0 0 0
000119 1497272509325789 19.000525 1.000324	-1 "Total" 0	"Received" 504884800 360632 295610	20490400 14636 10397
000120 1497272509325789 19.000525 1.000324	-1 "Total" 0	"Lost"     0 0 0	0 0 0
000121 1497272510325265 20.000001 0.999476	0 "Flow 0" 0.005	"Sent"     0 0 0	0 0 0
000122 1497272510325265 20.000001 0.999476	0 "Flow 0" 0.005	"Received" 526871800 376337 307738	21987000 15705 12128
000123 1497272510325265 20.000001 0.999476	0 "Flow 0" 0.005	"Lost"     0 0 0	0 0 0
000124 1497272510325265 20.000001 0.999476	-1 "Total" 0	"Sent"     0 0 0	0 0 0
000125 1497272510325265 20.000001 0.999476	-1 "Total" 0	"Received" 526871800 376337 307738	21987000 15705 12128
000126 1497272510325265 20.000001 0.999476	-1 "Total" 0	"Lost"     0 0 0	0 0 0
000127 1497272511325301 21.000037 1.000036	0 "Flow 0" 0.952	"Sent"     0 0 0	0 0 0
000128 1497272511325301 21.000037 1.000036	0 "Flow 0" 0.952	"Received" 549481800 392487 319595	22610000 16150 11857
000129 1497272511325301 21.000037 1.000036	0 "Flow 0" 0.952	"Lost"     0 0 0	0 0 0
000130 1497272511325301 21.000037 1.000036	-1 "Total" 0	"Sent"     0 0 0	0 0 0
000131 1497272511325301 21.000037 1.000036	-1 "Total" 0	"Received" 549481800 392487 319595	22610000 16150 11857
000132 1497272511325301 21.000037 1.000036	-1 "Total" 0	"Lost"     0 0 0	0 0 0
000133 1497272512325273 22.000009 0.999972	0 "Flow 0" 0.144	"Sent"     0 0 0	0 0 0
000134 1497272512325273 22.000009 0.999972	0 "Flow 0" 0.144	"Received" 571215400 408011 332215	21733600 15524 12620
000135 1497272512325273 22.000009 0.999972	0 "Flow 0" 0.144	"Lost"     0 0 0	0 0 0
000136 1497272512325273 22.000009 0.999972	-1 "Total" 0	"Sent"     0 0 0	0 0 0
000137 1497272512325273 22.000009 0.999972	-1 "Total" 0	"Received" 571215400 408011 332215	21733600 15524 12620
000138 1497272512325273 22.000009 0.999972	-1 "Total" 0	"Lost"     0 0 0	0 0 0
000139 1497272513325728 23.000464 1.000455	0 "Flow 0" 2.640	"Sent"     0 0 0	0 0 0
000140 1497272513325728 23.000464 1.000455	0 "Flow 0" 2.640	"Received" 590774800 421982 345663	19559400 13971 13448
000141 1497272513325728 23.000464 1.000455	0 "Flow 0" 2.640	"Lost"     0 0 0	0 0 0
000142 1497272513325728 23.000464 1.000455	-1 "Total" 0	"Sent"     0 0 0	0 0 0
000143 1497272513325728 23.000464 1.000455	-1 "Total" 0	"Received" 590774800 421982 345663	19559400 13971 13448
000144 1497272513325728 23.000464 1.000455	-1 "Total" 0	"Lost"     0 0 0	0 0 0
000145 1497272514325411 24.000147 0.999683	0 "Flow 0" 0.003	"Sent"     0 0 0	0 0 0
000146 1497272514325411 24.000147 0.999683	0 "Flow 0" 0.003	"Received" 611865800 437047 360261	21091000 15065 14598
000147 1497272514325411 24.000147 0.999683	0 "Flow 0" 0.003	"Lost"     0 0 0	0 0 0
000148 1497272514325411 24.000147 0.999683	-1 "Total" 0	"Sent"     0 0 0	0 0 0
000149 1497272514325411 24.000147 0.999683	-1 "Total" 0	"Received" 611865800 437047 360261	21091000 15065 14598
000150 1497272514325411 24.000147 0.999683	-1 "Total" 0	"Lost"     0 0 0	0 0 0
000151 1497272515325659 25.000395 1.000248	0 "Flow 0" 0.229	"Sent"     0 0 0	0 0 0
000152 1497272515325659 25.000395 1.000248	0 "Flow 0" 0.229	"Received" 634646600 453319 376274	22780800 16272 16013
000153 1497272515325659 25.000395 1.000248	0 "Flow 0" 0.229	"Lost"     0 0 0	0 0 0
000154 1497272515325659 25.000395 1.000248	-1 "Total" 0	"Sent"     0 0 0	0 0 0
000155 1497272515325659 25.000395 1.000248	-1 "Total" 0	"Received" 634646600 453319 376274	22780800 16272 16013
000156 1497272515325659 25.000395 1.000248	-1 "Total" 0	"Lost"     0 0 0	0 0 0
000157 1497272516325264 26.000000 0.999605	0 "Flow 0" 0.078	"Sent"     0 0 0	0 0 0
000158 1497272516325264 26.000000 0.999605	0 "Flow 0" 0.078	"Received" 651337400 465241 392487	16690800 11922 16213
000159 1497272516325264 26.000000 0.999605	0 "Flow 0" 0.078	"Lost"     0 0 0	0 0 0
000160 1497272516325264 26.000000 0.999605	-1 "Total" 0	"Sent"     0 0 0	0 0 0
000161 1497272516325264 26.000000 0.999605	-1 "Total" 0	"Received" 651337400 465241 392487	16690800 11922 16213
000162 1497272516325264 26.000000 0.999605	-1 "Total" 0	"Lost"     0 0 0	0 0 0
000163 1497272517325616 27.000352 1.000352	0 "Flow 0" 0.003	"Sent"     0 0 0	0 0 0
000164 1497272517325616 27.000352 1.000352	0 "Flow 0" 0.003	"Received" 669512200 478223 407974	18174800 12982 15487
000165 1497272517325616 27.000352 1.000352	0 "Flow 0" 0.003	"Lost"     0 0 0	0 0 0
000166 1497272517325616 27.000352 1.000352	-1 "Total" 0	"Sent"     0 0 0	0 0 0
000167 1497272517325616 27.000352 1.000352	-1 "Total" 0	"Received" 669512200 478223 407974	18174800 12982 15487
000168 1497272517325616 27.000352 1.000352	-1 "Total" 0	"Lost"     0 0 0	0 0 0
000169 1497272518325407 28.000143 0.999791	0 "Flow 0" 0.003	"Sent"     0 0 0	0 0 0
000170 1497272518325407 28.000143 0.999791	0 "Flow 0" 0.003	"Received" 684353600 488824 421941	14841400 10601 13967
000171 1497272518325407 28.000143 0.999791	0 "Flow 0" 0.003	"Lost"     0 0 0	0 0 0
000172 1497272518325407 28.000143 0.999791	-1 "Total" 0	"Sent"     0 0 0	0 0 0
000173 1497272518325407 28.000143 0.999791	-1 "Total" 0	"Received" 684353600 488824 421941	14841400 10601 13967
000174 1497272518325407 28.000143 0.999791	-1 "Total" 0	"Lost"     0 0 0	0 0 0
000175 1497272519325905 29.000641 1.000498	0 "Flow 0" 0.001	"Sent"     0 0 0	0 0 0
000176 1497272519325905 29.000641 1.000498	0 "Flow 0" 0.001	"Received" 699015800 499297 436972	14662200 10473 15031
000177 1497272519325905 29.000641 1.000498	0 "Flow 0" 0.001	"Lost"     0 0 0	0 0 0
000178 1497272519325905 29.000641 1.000498	-1 "Total" 0	"Sent"     0 0 0	0 0 0
000179 1497272519325905 29.000641 1.000498	-1 "Total" 0	"Received" 699015800 499297 436972	14662200 10473 15031
000180 1497272519325905 29.000641 1.000498	-1 "Total" 0	"Lost"     0 0 0	0 0 0
000181 1497272520325297 30.000033 0.999392	0 "Flow 0" 0.124	"Sent"     0 0 0	0 0 0
000182 1497272520325297 30.000033 0.999392	0 "Flow 0" 0.124	"Received" 715971200 511408 453319	16955400 12111 16347
000183 1497272520325297 30.000033 0.999392	0 "Flow 0" 0.124	"Lost"     0 0 0	0 0 0
000184 1497272520325297 30.000033 0.999392	-1 "Total" 0	"Sent"     0 0 0	0 0 0
000185 1497272520325297 30.000033 0.999392	-1 "Total" 0	"Received" 715971200 511408 453319	16955400 12111 16347
000186 1497272520325297 30.000033 0.999392	-1 "Total" 0	"Lost"     0 0 0	0 0 0
000187 1497272521325313 31.000049 1.000016	0 "Flow 0" 0.443	"Sent"     0 0 0	0 0 0
000188 1497272521325313 31.000049 1.000016	0 "Flow 0" 0.443	"Received" 733310200 523793 465244	17339000 12385 11925
000189 1497272521325313 31.000049 1.000016	0 "Flow 0" 0.443	"Lost"     0 0 0	0 0 0
000190 1497272521325313 31.000049 1.000016	-1 "Total" 0	"Sent"     0 0 0	0 0 0
000191 1497272521325313 31.000049 1.000016	-1 "Total" 0	"Received" 733310200 523793 465244	17339000 12385 11925
000192 1497272521325313 31.000049 1.000016	-1 "Total" 0	"Lost"     0 0 0	0 0 0
000193 1497272522326252 32.000988 1.000939	0 "Flow 0" 3.509	"Sent"     0 0 0	0 0 0
000194 1497272522326252 32.000988 1.000939	0 "Flow 0" 3.509	"Received" 752381000 537415 478225	19070800 13622 12981
000195 1497272522326252 32.000988 1.000939	0 "Flow 0" 3.509	"Lost"     0 0 0	0 0 0
000196 1497272522326252 32.000988 1.000939	-1 "Total" 0	"Sent"     0 0 0	0 0 0
000197 1497272522326252 32.000988 1.000939	-1 "Total" 0	"Received" 752381000 537415 478225	19070800 13622 12981
000198 1497272522326252 32.000988 1.000939	-1 "Total" 0	"Lost"     0 0 0	0 0 0
000199 1497272523326092 33.000828 0.999840	0 "Flow 0" 0.782	"Sent"     0 0 0	0 0 0
000200 1497272523326092 33.000828 0.999840	0 "Flow 0" 0.782	"Received" 772063600 551474 488824	19682600 14059 10599
000201 1497272523326092 33.000828 0.999840	0 "Flow 0" 0.782	"Lost"     0 0 0	0 0 0
000202 1497272523326092 33.000828 0.999840	-1 "Total" 0	"Sent"     0 0 0	0 0 0
000203 1497272523326092 33.000828 0.999840	-1 "Total" 0	"Received" 772063600 551474 488824	19682600 14059 10599
000204 1497272523326092 33.000828 0.999840	-1 "Total" 0	"Lost"     0 0 0	0 0 0
000205 1497272524325729 34.000465 0.999637	0 "Flow 0" 0.003	"Sent"     0 0 0	0 0 0
000206 1497272524325729 34.000465 0.999637	0 "Flow 0" 0.003	"Received" 791333200 565238 499297	19269600 13764 10473
000207 1497272524325729 34.000465 0.999637	0 "Flow 0" 0.003	"Lost"     0 0 0	0 0 0
000208 1497272524325729 34.000465 0.999637	-1 "Total" 0	"Sent"     0 0 0	0 0 0
000209 1497272524325729 34.000465 0.999637	-1 "Total" 0	"Received" 791333200 565238 499297	19269600 13764 10473
000210 1497272524325729 34.000465 0.999637	-1 "Total" 0	"Lost"     0 0 0	0 0 0
000211 1497272525326028 35.000764 1.000299	0 "Flow 0" 0.032	"Sent"     0 0 0	0 0 0
000212 1497272525326028 35.000764 1.000299	0 "Flow 0" 0.032	"Received" 803653200 574038 511370	12320000 8800 12073
000213 1497272525326028 35.000764 1.000299	0 "Flow 0" 0.032	"Lost"     0 0 0	0 0 0
000214 1497272525326028 35.000764 1.000299	-1 "Total" 0	"Sent"     0 0 0	0 0 0
000215 1497272525326028 35.000764 1.000299	-1 "Total" 0	"Received" 803653200 574038 511370	12320000 8800 12073
000216 1497272525326028 35.000764 1.000299	-1 "Total" 0	"Lost"     0 0 0	0 0 0
000217 1497272526325267 36.000003 0.999239	0 "Flow 0" 1.119	"Sent"     0 0 0	0 0 0
000218 1497272526325267 36.000003 0.999239	0 "Flow 0" 1.119	"Received" 813411200 581008 523792	9758000 6970 12422
000219 1497272526325267 36.000003 0.999239	0 "Flow 0" 1.119	"Lost"     0 0 0	0 0 0
000220 1497272526325267 36.000003 0.999239	-1 "Total" 0	"Sent"     0 0 0	0 0 0
000221 1497272526325267 36.000003 0.999239	-1 "Total" 0	"Received" 813411200 581008 523792	9758000 6970 12422
000222 1497272526325267 36.000003 0.999239	-1 "Total" 0	"Lost"     0 0 0	0 0 0
000223 1497272527326008 37.000744 1.000741	0 "Flow 0" 0.002	"Sent"     0 0 0	0 0 0
000224 1497272527326008 37.000744 1.000741	0 "Flow 0" 0.002	"Received" 824229000 588735 537414	10817800 7727 13622
000225 1497272527326008 37.000744 1.000741	0 "Flow 0" 0.002	"Lost"     0 0 0	0 0 0
000226 1497272527326008 37.000744 1.000741	-1 "Total" 0	"Sent"     0 0 0	0 0 0
000227 1497272527326008 37.000744 1.000741	-1 "Total" 0	"Received" 824229000 588735 537414	10817800 7727 13622
000228 1497272527326008 37.000744 1.000741	-1 "Total" 0	"Lost"     0 0 0	0 0 0
000229 1497272528325414 38.000150 0.999406	0 "Flow 0" 0.007	"Sent"     0 0 0	0 0 0
000230 1497272528325414 38.000150 0.999406	0 "Flow 0" 0.007	"Received" 836332000 597380 551113	12103000 8645 13699
000231 1497272528325414 38.000150 0.999406	0 "Flow 0" 0.007	"Lost"     0 0 0	0 0 0
000232 1497272528325414 38.000150 0.999406	-1 "Total" 0	"Sent"     0 0 0	0 0 0
000233 1497272528325414 38.000150 0.999406	-1 "Total" 0	"Received" 836332000 597380 551113	12103000 8645 13699
000234 1497272528325414 38.000150 0.999406	-1 "Total" 0	"Lost"     0 0 0	0 0 0
000235 1497272529325599 39.000335 1.000185	0 "Flow 0" 0.006	"Sent"     0 0 0	0 0 0
000236 1497272529325599 39.000335 1.000185	0 "Flow 0" 0.006	"Received" 843511200 602508 562267	7179200 5128 11154
000237 1497272529325599 39.000335 1.000185	0 "Flow 0" 0.006	"Lost"     0 0 0	0 0 0
000238 1497272529325599 39.000335 1.000185	-1 "Total" 0	"Sent"     0 0 0	0 0 0
000239 1497272529325599 39.000335 1.000185	-1 "Total" 0	"Received" 843511200 602508 562267	7179200 5128 11154
000240 1497272529325599 39.000335 1.000185	-1 "Total" 0	"Lost"     0 0 0	0 0 0
000241 1497272530326427 40.001163 1.000828	0 "Flow 0" 0.009	"Sent"     0 0 0	0 0 0
000242 1497272530326427 40.001163 1.000828	0 "Flow 0" 0.009	"Received" 847032200 605023 574011	3521000 2515 11744
000243 1497272530326427 40.001163 1.000828	0 "Flow 0" 0.009	"Lost"     0 0 0	0 0 0
000244 1497272530326427 40.001163 1.000828	-1 "Total" 0	"Sent"     0 0 0	0 0 0
000245 1497272530326427 40.001163 1.000828	-1 "Total" 0	"Received" 847032200 605023 574011	3521000 2515 11744
000246 1497272530326427 40.001163 1.000828	-1 "Total" 0	"Lost"     0 0 0	0 0 0
000247 1497272531325674 41.000410 0.999247	0 "Flow 0" 0.733	"Sent"     0 0 0	0 0 0
000248 1497272531325674 41.000410 0.999247	0 "Flow 0" 0.733	"Received" 853574400 609696 581007	6542200 4673 6996
000249 1497272531325674 41.000410 0.999247	0 "Flow 0" 0.733	"Lost"     0 0 0	0 0 0
000250 1497272531325674 41.000410 0.999247	-1 "Total" 0	"Sent"     0 0 0	0 0 0
000251 1497272531325674 41.000410 0.999247	-1 "Total" 0	"Received" 853574400 609696 581007	6542200 4673 6996
000252 1497272531325674 41.000410 0.999247	-1 "Total" 0	"Lost"     0 0 0	0 0 0
000253 1497272532326287 42.001023 1.000613	0 "Flow 0" 0.007	"Sent"     0 0 0	0 0 0
000254 1497272532326287 42.001023 1.000613	0 "Flow 0" 0.007	"Received" 859202400 613716 588645	5628000 4020 7638
000255 1497272532326287 42.001023 1.000613	0 "Flow 0" 0.007	"Lost"     0 0 0	0 0 0
000256 1497272532326287 42.001023 1.000613	-1 "Total" 0	"Sent"     0 0 0	0 0 0
000257 1497272532326287 42.001023 1.000613	-1 "Total" 0	"Received" 859202400 613716 588645	5628000 4020 7638
000258 1497272532326287 42.001023 1.000613	-1 "Total" 0	"Lost"     0 0 0	0 0 0
000259 1497272533325770 43.000506 0.999483	0 "Flow 0" 0.966	"Sent"     0 0 0	0 0 0
000260 1497272533325770 43.000506 0.999483	0 "Flow 0" 0.966	"Received" 865786600 618419 597380	6584200 4703 8735
000261 1497272533325770 43.000506 0.999483	0 "Flow 0" 0.966	"Lost"     0 0 0	0 0 0
000262 1497272533325770 43.000506 0.999483	-1 "Total" 0	"Sent"     0 0 0	0 0 0
000263 1497272533325770 43.000506 0.999483	-1 "Total" 0	"Received" 865786600 618419 597380	6584200 4703 8735
000264 1497272533325770 43.000506 0.999483	-1 "Total" 0	"Lost"     0 0 0	0 0 0
000265 1497272534326324 44.001060 1.000554	0 "Flow 0" 0.007	"Sent"     0 0 0	0 0 0
000266 1497272534326324 44.001060 1.000554	0 "Flow 0" 0.007	"Received" 873786200 624133 602508	7999600 5714 5128
000267 1497272534326324 44.001060 1.000554	0 "Flow 0" 0.007	"Lost"     0 0 0	0 0 0
000268 1497272534326324 44.001060 1.000554	-1 "Total" 0	"Sent"     0 0 0	0 0 0
000269 1497272534326324 44.001060 1.000554	-1 "Total" 0	"Received" 873786200 624133 602508	7999600 5714 5128
000270 1497272534326324 44.001060 1.000554	-1 "Total" 0	"Lost"     0 0 0	0 0 0
000271 1497272535325266 45.000002 0.998942	0 "Flow 0" 0.428	"Sent"     0 0 0	0 0 0
000272 1497272535325266 45.000002 0.998942	0 "Flow 0" 0.428	"Received" 875784000 625560 605023	1997800 1427 2515
000273 1497272535325266 45.000002 0.998942	0 "Flow 0" 0.428	"Lost"     0 0 0	0 0 0
000274 1497272535325266 45.000002 0.998942	-1 "Total" 0	"Sent"     0 0 0	0 0 0
000275 1497272535325266 45.000002 0.998942	-1 "Total" 0	"Received" 875784000 625560 605023	1997800 1427 2515
000276 1497272535325266 45.000002 0.998942	-1 "Total" 0	"Lost"     0 0 0	0 0 0
000277 1497272536325802 46.000538 1.000536	0 "Flow 0" 0.006	"Sent"     0 0 0	0 0 0
000278 1497272536325802 46.000538 1.000536	0 "Flow 0" 0.006	"Received" 886275600 633054 609696	10491600 7494 4673
000279 1497272536325802 46.000538 1.000536	0 "Flow 0" 0.006	"Lost"     0 0 0	0 0 0
000280 1497272536325802 46.000538 1.000536	-1 "Total" 0	"Sent"     0 0 0	0 0 0
000281 1497272536325802 46.000538 1.000536	-1 "Total" 0	"Received" 886275600 633054 609696	10491600 7494 4673
000282 1497272536325802 46.000538 1.000536	-1 "Total" 0	"Lost"     0 0 0	0 0 0
000283 1497272537326015 47.000751 1.000213	0 "Flow 0" 0.063	"Sent"     0 0 0	0 0 0
000284 1497272537326015 47.000751 1.000213	0 "Flow 0" 0.063	"Received" 895777400 639841 613686	9501800 6787 3990
000285 1497272537326015 47.000751 1.000213	0 "Flow 0" 0.063	"Lost"     0 0 0	0 0 0
000286 1497272537326015 47.000751 1.000213	-1 "Total" 0	"Sent"     0 0 0	0 0 0
000287 1497272537326015 47.000751 1.000213	-1 "Total" 0	"Received" 895777400 639841 613686	9501800 6787 3990
000288 1497272537326015 47.000751 1.000213	-1 "Total" 0	"Lost"     0 0 0	0 0 0
000289 1497272538326074 48.000810 1.000059	0 "Flow 0" 0.002	"Sent"     0 0 0	0 0 0
000290 1497272538326074 48.000810 1.000059	0 "Flow 0" 0.002	"Received" 905763600 646974 618419	9986200 7133 4733
000291 1497272538326074 48.000810 1.000059	0 "Flow 0" 0.002	"Lost"     0 0 0	0 0 0
000292 1497272538326074 48.000810 1.000059	-1 "Total" 0	"Sent"     0 0 0	0 0 0
000293 1497272538326074 48.000810 1.000059	-1 "Total" 0	"Received" 905763600 646974 618419	9986200 7133 4733
000294 1497272538326074 48.000810 1.000059	-1 "Total" 0	"Lost"     0 0 0	0 0 0
000295 1497272539326166 49.000902 1.000092	0 "Flow 0" 0.002	"Sent"     0 0 0	0 0 0
000296 1497272539326166 49.000902 1.000092	0 "Flow 0" 0.002	"Received" 916732600 654809 624133	10969000 7835 5714
000297 1497272539326166 49.000902 1.000092	0 "Flow 0" 0.002	"Lost"     0 0 0	0 0 0
000298 1497272539326166 49.000902 1.000092	-1 "Total" 0	"Sent"     0 0 0	0 0 0
000299 1497272539326166 49.000902 1.000092	-1 "Total" 0	"Received" 916732600 654809 624133	10969000 7835 5714
000300 1497272539326166 49.000902 1.000092	-1 "Total" 0	"Lost"     0 0 0	0 0 0
000301 1497272540326296 50.001032 1.000130	0 "Flow 0" 0.000	"Sent"     0 0 0	0 0 0
000302 1497272540326296 50.001032 1.000130	0 "Flow 0" 0.000	"Received" 919111200 656508 625541	2378600 1699 1408
000303 1497272540326296 50.001032 1.000130	0 "Flow 0" 0.000	"Lost"     0 0 0	0 0 0
000304 1497272540326296 50.001032 1.000130	-1 "Total" 0	"Sent"     0 0 0	0 0 0
000305 1497272540326296 50.001032 1.000130	-1 "Total" 0	"Received" 919111200 656508 625541	2378600 1699 1408
000306 1497272540326296 50.001032 1.000130	-1 "Total" 0	"Lost"     0 0 0	0 0 0
000307 1497272541325269 51.000005 0.998973	0 "Flow 0" 0.002	"Sent"     0 0 0	0 0 0
000308 1497272541325269 51.000005 0.998973	0 "Flow 0" 0.002	"Received" 951829200 679878 633054	32718000 23370 7513
000309 1497272541325269 51.000005 0.998973	0 "Flow 0" 0.002	"Lost"     0 0 0	0 0 0
000310 1497272541325269 51.000005 0.998973	-1 "Total" 0	"Sent"     0 0 0	0 0 0
000311 1497272541325269 51.000005 0.998973	-1 "Total" 0	"Received" 951829200 679878 633054	32718000 23370 7513
000312 1497272541325269 51.000005 0.998973	-1 "Total" 0	"Lost"     0 0 0	0 0 0
000313 1497272542325852 52.000588 1.000583	0 "Flow 0" 0.316	"Sent"     0 0 0	0 0 0
000314 1497272542325852 52.000588 1.000583	0 "Flow 0" 0.316	"Received" 977799200 698428 639696	25970000 18550 6642
000315 1497272542325852 52.000588 1.000583	0 "Flow 0" 0.316	"Lost"     0 0 0	0 0 0
000316 1497272542325852 52.000588 1.000583	-1 "Total" 0	"Sent"     0 0 0	0 0 0
000317 1497272542325852 52.000588 1.000583	-1 "Total" 0	"Received" 977799200 698428 639696	25970000 18550 6642
000318 1497272542325852 52.000588 1.000583	-1 "Total" 0	"Lost"     0 0 0	0 0 0
000319 1497272543326206 53.000942 1.000354	0 "Flow 0" 0.004	"Sent"     0 0 0	0 0 0
000320 1497272543326206 53.000942 1.000354	0 "Flow 0" 0.004	"Received" 999062400 713616 646795	21263200 15188 7099
000321 1497272543326206 53.000942 1.000354	0 "Flow 0" 0.004	"Lost"     0 0 0	0 0 0
000322 1497272543326206 53.000942 1.000354	-1 "Total" 0	"Sent"     0 0 0	0 0 0
000323 1497272543326206 53.000942 1.000354	-1 "Total" 0	"Received" 999062400 713616 646795	21263200 15188 7099
000324 1497272543326206 53.000942 1.000354	-1 "Total" 0	"Lost"     0 0 0	0 0 0
000325 1497272544325777 54.000513 0.999571	0 "Flow 0" 0.597	"Sent"     0 0 0	0 0 0
000326 1497272544325777 54.000513 0.999571	0 "Flow 0" 0.597	"Received" 1019478600 728199 654809	20416200 14583 8014
000327 1497272544325777 54.000513 0.999571	0 "Flow 0" 0.597	"Lost"     0 0 0	0 0 0
000328 1497272544325777 54.000513 0.999571	-1 "Total" 0	"Sent"     0 0 0	0 0 0
000329 1497272544325777 54.000513 0.999571	-1 "Total" 0	"Received" 1019478600 728199 654809	20416200 14583 8014
000330 1497272544325777 54.000513 0.999571	-1 "Total" 0	"Lost"     0 0 0	0 0 0
000331 1497272545325271 55.000007 0.999494	0 "Flow 0" 0.018	"Sent"     0 0 0	0 0 0
000332 1497272545325271 55.000007 0.999494	0 "Flow 0" 0.018	"Received" 1036130200 740093 656508	16651600 11894 1699
000333 1497272545325271 55.000007 0.999494	0 "Flow 0" 0.018	"Lost"     0 0 0	0 0 0
000334 1497272545325271 55.000007 0.999494	-1 "Total" 0	"Sent"     0 0 0	0 0 0
000335 1497272545325271 55.000007 0.999494	-1 "Total" 0	"Received" 1036130200 740093 656508	16651600 11894 1699
000336 1497272545325271 55.000007 0.999494	-1 "Total" 0	"Lost"     0 0 0	0 0 0
000337 1497272546326183 56.000919 1.000912	0 "Flow 0" 0.001	"Sent"     0 0 0	0 0 0
000338 1497272546326183 56.000919 1.000912	0 "Flow 0" 0.001	"Received" 1052395400 751711 679758	16265200 11618 23250
000339 1497272546326183 56.000919 1.000912	0 "Flow 0" 0.001	"Lost"     0 0 0	0 0 0
000340 1497272546326183 56.000919 1.000912	-1 "Total" 0	"Sent"     0 0 0	0 0 0
000341 1497272546326183 56.000919 1.000912	-1 "Total" 0	"Received" 1052395400 751711 679758	16265200 11618 23250
000342 1497272546326183 56.000919 1.000912	-1 "Total" 0	"Lost"     0 0 0	0 0 0
000343 1497272547325830 57.000566 0.999647	0 "Flow 0" 0.002	"Sent"     0 0 0	0 0 0
000344 1497272547325830 57.000566 0.999647	0 "Flow 0" 0.002	"Received" 1066219000 761585 698428	13823600 9874 18670
000345 1497272547325830 57.000566 0.999647	0 "Flow 0" 0.002	"Lost"     0 0 0	0 0 0
000346 1497272547325830 57.000566 0.999647	-1 "Total" 0	"Sent"     0 0 0	0 0 0
000347 1497272547325830 57.000566 0.999647	-1 "Total" 0	"Received" 1066219000 761585 698428	13823600 9874 18670
000348 1497272547325830 57.000566 0.999647	-1 "Total" 0	"Lost"     0 0 0	0 0 0
000349 1497272548325363 58.000099 0.999533	0 "Flow 0" 0.154	"Sent"     0 0 0	0 0 0
000350 1497272548325363 58.000099 0.999533	0 "Flow 0" 0.154	"Received" 1081787000 772705 713616	15568000 11120 15188
000351 1497272548325363 58.000099 0.999533	0 "Flow 0" 0.154	"Lost"     0 0 0	0 0 0
000352 1497272548325363 58.000099 0.999533	-1 "Total" 0	"Sent"     0 0 0	0 0 0
000353 1497272548325363 58.000099 0.999533	-1 "Total" 0	"Received" 1081787000 772705 713616	15568000 11120 15188
000354 1497272548325363 58.000099 0.999533	-1 "Total" 0	"Lost"     0 0 0	0 0 0
000355 1497272549325955 59.000691 1.000592	0 "Flow 0" 0.822	"Sent"     0 0 0	0 0 0
000356 1497272549325955 59.000691 1.000592	0 "Flow 0" 0.822	"Received" 1097997600 784284 728199	16210600 11579 14583
000357 1497272549325955 59.000691 1.000592	0 "Flow 0" 0.822	"Lost"     0 0 0	0 0 0
000358 1497272549325955 59.000691 1.000592	-1 "Total" 0	"Sent"     0 0 0	0 0 0
000359 1497272549325955 59.000691 1.000592	-1 "Total" 0	"Received" 1097997600 784284 728199	16210600 11579 14583
000360 1497272549325955 59.000691 1.000592	-1 "Total" 0	"Lost"     0 0 0	0 0 0
000361 1497272550325645 60.000381 0.999690	0 "Flow 0" 0.010	"Sent"     0 0 0	0 0 0
000362 1497272550325645 60.000381 0.999690	0 "Flow 0" 0.010	"Received" 1110026400 792876 737275	12028800 8592 9076
000363 1497272550325645 60.000381 0.999690	0 "Flow 0" 0.010	"Lost"     0 0 0	0 0 0
000364 1497272550325645 60.000381 0.999690	-1 "Total" 0	"Sent"     0 0 0	0 0 0
000365 1497272550325645 60.000381 0.999690	-1 "Total" 0	"Received" 1110026400 792876 737275	12028800 8592 9076
000366 1497272550325645 60.000381 0.999690	-1 "Total" 0	"Lost"     0 0 0	0 0 0
000367 1497272551326253 61.000989 1.000608	0 "Flow 0" 0.010	"Sent"     0 0 0	0 0 0
000368 1497272551326253 61.000989 1.000608	0 "Flow 0" 0.010	"Received" 1110026400 792876 737275	0 0 0
000369 1497272551326253 61.000989 1.000608	0 "Flow 0" 0.010	"Lost"     0 0 0	0 0 0
000370 1497272551326253 61.000989 1.000608	-1 "Total" 0	"Sent"     0 0 0	0 0 0
000371 1497272551326253 61.000989 1.000608	-1 "Total" 0	"Received" 1110026400 792876 737275	0 0 0
000372 1497272551326253 61.000989 1.000608	-1 "Total" 0	"Lost"     0 0 0	0 0 0
000373 1497272552325891 62.000627 0.999638	0 "Flow 0" 0.010	"Sent"     0 0 0	0 0 0
000374 1497272552325891 62.000627 0.999638	0 "Flow 0" 0.010	"Received" 1110026400 792876 737275	0 0 0
000375 1497272552325891 62.000627 0.999638	0 "Flow 0" 0.010	"Lost"     0 0 0	0 0 0
000376 1497272552325891 62.000627 0.999638	-1 "Total" 0	"Sent"     0 0 0	0 0 0
000377 1497272552325891 62.000627 0.999638	-1 "Total" 0	"Received" 1110026400 792876 737275	0 0 0
000378 1497272552325891 62.000627 0.999638	-1 "Total" 0	"Lost"     0 0 0	0 0 0
000379 1497272553326356 63.001092 1.000465	0 "Flow 0" 0.010	"Sent"     0 0 0	0 0 0
000380 1497272553326356 63.001092 1.000465	0 "Flow 0" 0.010	"Received" 1110026400 792876 737275	0 0 0
000381 1497272553326356 63.001092 1.000465	0 "Flow 0" 0.010	"Lost"     0 0 0	0 0 0
000382 1497272553326356 63.001092 1.000465	-1 "Total" 0	"Sent"     0 0 0	0 0 0
000383 1497272553326356 63.001092 1.000465	-1 "Total" 0	"Received" 1110026400 792876 737275	0 0 0
000384 1497272553326356 63.001092 1.000465	-1 "Total" 0	"Lost"     0 0 0	0 0 0
000385 1497272554326108 64.000844 0.999752	0 "Flow 0" 0.010	"Sent"     0 0 0	0 0 0
000386 1497272554326108 64.000844 0.999752	0 "Flow 0" 0.010	"Received" 1110026400 792876 737275	0 0 0
000387 1497272554326108 64.000844 0.999752	0 "Flow 0" 0.010	"Lost"     0 0 0	0 0 0
000388 1497272554326108 64.000844 0.999752	-1 "Total" 0	"Sent"     0 0 0	0 0 0
000389 1497272554326108 64.000844 0.999752	-1 "Total" 0	"Received" 1110026400 792876 737275	0 0 0
000390 1497272554326108 64.000844 0.999752	-1 "Total" 0	"Lost"     0 0 0	0 0 0
000391 1497272555325411 65.000147 0.999303	0 "Flow 0" 0.010	"Sent"     0 0 0	0 0 0
000392 1497272555325411 65.000147 0.999303	0 "Flow 0" 0.010	"Received" 1110026400 792876 737275	0 0 0
000393 1497272555325411 65.000147 0.999303	0 "Flow 0" 0.010	"Lost"     0 0 0	0 0 0
000394 1497272555325411 65.000147 0.999303	-1 "Total" 0	"Sent"     0 0 0	0 0 0
000395 1497272555325411 65.000147 0.999303	-1 "Total" 0	"Received" 1110026400 792876 737275	0 0 0
000396 1497272555325411 65.000147 0.999303	-1 "Total" 0	"Lost"     0 0 0	0 0 0
000397 1497272556325850 66.000586 1.000439	0 "Flow 0" 0.010	"Sent"     0 0 0	0 0 0
000398 1497272556325850 66.000586 1.000439	0 "Flow 0" 0.010	"Received" 1110026400 792876 737275	0 0 0
000399 1497272556325850 66.000586 1.000439	0 "Flow 0" 0.010	"Lost"     0 0 0	0 0 0
000400 1497272556325850 66.000586 1.000439	-1 "Total" 0	"Sent"     0 0 0	0 0 0
000401 1497272556325850 66.000586 1.000439	-1 "Total" 0	"Received" 1110026400 792876 737275	0 0 0
000402 1497272556325850 66.000586 1.000439	-1 "Total" 0	"Lost"     0 0 0	0 0 0
000403 1497272557326086 67.000822 1.000236	0 "Flow 0" 0.010	"Sent"     0 0 0	0 0 0
000404 1497272557326086 67.000822 1.000236	0 "Flow 0" 0.010	"Received" 1110026400 792876 737275	0 0 0
000405 1497272557326086 67.000822 1.000236	0 "Flow 0" 0.010	"Lost"     0 0 0	0 0 0
000406 1497272557326086 67.000822 1.000236	-1 "Total" 0	"Sent"     0 0 0	0 0 0
000407 1497272557326086 67.000822 1.000236	-1 "Total" 0	"Received" 1110026400 792876 737275	0 0 0
000408 1497272557326086 67.000822 1.000236	-1 "Total" 0	"Lost"     0 0 0	0 0 0
000409 1497272558325489 68.000225 0.999403	0 "Flow 0" 0.010	"Sent"     0 0 0	0 0 0
000410 1497272558325489 68.000225 0.999403	0 "Flow 0" 0.010	"Received" 1110026400 792876 737275	0 0 0
000411 1497272558325489 68.000225 0.999403	0 "Flow 0" 0.010	"Lost"     0 0 0	0 0 0
000412 1497272558325489 68.000225 0.999403	-1 "Total" 0	"Sent"     0 0 0	0 0 0
000413 1497272558325489 68.000225 0.999403	-1 "Total" 0	"Received" 1110026400 792876 737275	0 0 0
000414 1497272558325489 68.000225 0.999403	-1 "Total" 0	"Lost"     0 0 0	0 0 0
000415 1497272559326133 69.000869 1.000644	0 "Flow 0" 0.010	"Sent"     0 0 0	0 0 0
000416 1497272559326133 69.000869 1.000644	0 "Flow 0" 0.010	"Received" 1110026400 792876 737275	0 0 0
000417 1497272559326133 69.000869 1.000644	0 "Flow 0" 0.010	"Lost"     0 0 0	0 0 0
000418 1497272559326133 69.000869 1.000644	-1 "Total" 0	"Sent"     0 0 0	0 0 0
000419 1497272559326133 69.000869 1.000644	-1 "Total" 0	"Received" 1110026400 792876 737275	0 0 0
000420 1497272559326133 69.000869 1.000644	-1 "Total" 0	"Lost"     0 0 0	0 0 0
000421 1497272560325816 70.000552 0.999683	0 "Flow 0" 0.010	"Sent"     0 0 0	0 0 0
000422 1497272560325816 70.000552 0.999683	0 "Flow 0" 0.010	"Received" 1110026400 792876 737275	0 0 0
000423 1497272560325816 70.000552 0.999683	0 "Flow 0" 0.010	"Lost"     0 0 0	0 0 0
000424 1497272560325816 70.000552 0.999683	-1 "Total" 0	"Sent"     0 0 0	0 0 0
000425 1497272560325816 70.000552 0.999683	-1 "Total" 0	"Received" 1110026400 792876 737275	0 0 0
000426 1497272560325816 70.000552 0.999683	-1 "Total" 0	"Lost"     0 0 0	0 0 0
000427 1497272561326379 71.001115 1.000563	0 "Flow 0" 0.010	"Sent"     0 0 0	0 0 0
000428 1497272561326379 71.001115 1.000563	0 "Flow 0" 0.010	"Received" 1110026400 792876 737275	0 0 0
000429 1497272561326379 71.001115 1.000563	0 "Flow 0" 0.010	"Lost"     0 0 0	0 0 0
000430 1497272561326379 71.001115 1.000563	-1 "Total" 0	"Sent"     0 0 0	0 0 0
000431 1497272561326379 71.001115 1.000563	-1 "Total" 0	"Received" 1110026400 792876 737275	0 0 0
000432 1497272561326379 71.001115 1.000563	-1 "Total" 0	"Lost"     0 0 0	0 0 0
000433 1497272562325937 72.000673 0.999558	0 "Flow 0" 0.010	"Sent"     0 0 0	0 0 0
000434 1497272562325937 72.000673 0.999558	0 "Flow 0" 0.010	"Received" 1110026400 792876 737275	0 0 0
000435 1497272562325937 72.000673 0.999558	0 "Flow 0" 0.010	"Lost"     0 0 0	0 0 0
000436 1497272562325937 72.000673 0.999558	-1 "Total" 0	"Sent"     0 0 0	0 0 0
000437 1497272562325937 72.000673 0.999558	-1 "Total" 0	"Received" 1110026400 792876 737275	0 0 0
000438 1497272562325937 72.000673 0.999558	-1 "Total" 0	"Lost"     0 0 0	0 0 0
000439 1497272563326036 73.000772 1.000099	0 "Flow 0" 0.010	"Sent"     0 0 0	0 0 0
000440 1497272563326036 73.000772 1.000099	0 "Flow 0" 0.010	"Received" 1110026400 792876 737275	0 0 0
000441 1497272563326036 73.000772 1.000099	0 "Flow 0" 0.010	"Lost"     0 0 0	0 0 0
000442 1497272563326036 73.000772 1.000099	-1 "Total" 0	"Sent"     0 0 0	0 0 0
000443 1497272563326036 73.000772 1.000099	-1 "Total" 0	"Received" 1110026400 792876 737275	0 0 0
000444 1497272563326036 73.000772 1.000099	-1 "Total" 0	"Lost"     0 0 0	0 0 0
000445 1497272564326412 74.001148 1.000376	0 "Flow 0" 0.010	"Sent"     0 0 0	0 0 0
000446 1497272564326412 74.001148 1.000376	0 "Flow 0" 0.010	"Received" 1110026400 792876 737275	0 0 0
000447 1497272564326412 74.001148 1.000376	0 "Flow 0" 0.010	"Lost"     0 0 0	0 0 0
000448 1497272564326412 74.001148 1.000376	-1 "Total" 0	"Sent"     0 0 0	0 0 0
000449 1497272564326412 74.001148 1.000376	-1 "Total" 0	"Received" 1110026400 792876 737275	0 0 0
000450 1497272564326412 74.001148 1.000376	-1 "Total" 0	"Lost"     0 0 0	0 0 0
000451 1497272565326130 75.000866 0.999718	0 "Flow 0" 0.010	"Sent"     0 0 0	0 0 0
000452 1497272565326130 75.000866 0.999718	0 "Flow 0" 0.010	"Received" 1110026400 792876 737275	0 0 0
000453 1497272565326130 75.000866 0.999718	0 "Flow 0" 0.010	"Lost"     0 0 0	0 0 0
000454 1497272565326130 75.000866 0.999718	-1 "Total" 0	"Sent"     0 0 0	0 0 0
000455 1497272565326130 75.000866 0.999718	-1 "Total" 0	"Received" 1110026400 792876 737275	0 0 0
000456 1497272565326130 75.000866 0.999718	-1 "Total" 0	"Lost"     0 0 0	0 0 0
000457 1497272566325529 76.000265 0.999399	0 "Flow 0" 0.010	"Sent"     0 0 0	0 0 0
000458 1497272566325529 76.000265 0.999399	0 "Flow 0" 0.010	"Received" 1110026400 792876 737275	0 0 0
000459 1497272566325529 76.000265 0.999399	0 "Flow 0" 0.010	"Lost"     0 0 0	0 0 0
000460 1497272566325529 76.000265 0.999399	-1 "Total" 0	"Sent"     0 0 0	0 0 0
000461 1497272566325529 76.000265 0.999399	-1 "Total" 0	"Received" 1110026400 792876 737275	0 0 0
000462 1497272566325529 76.000265 0.999399	-1 "Total" 0	"Lost"     0 0 0	0 0 0
000463 1497272567326014 77.000750 1.000485	0 "Flow 0" 0.010	"Sent"     0 0 0	0 0 0
000464 1497272567326014 77.000750 1.000485	0 "Flow 0" 0.010	"Received" 1110026400 792876 737275	0 0 0
000465 1497272567326014 77.000750 1.000485	0 "Flow 0" 0.010	"Lost"     0 0 0	0 0 0
000466 1497272567326014 77.000750 1.000485	-1 "Total" 0	"Sent"     0 0 0	0 0 0
000467 1497272567326014 77.000750 1.000485	-1 "Total" 0	"Received" 1110026400 792876 737275	0 0 0
000468 1497272567326014 77.000750 1.000485	-1 "Total" 0	"Lost"     0 0 0	0 0 0
000469 1497272568325465 78.000201 0.999451	0 "Flow 0" 0.010	"Sent"     0 0 0	0 0 0
000470 1497272568325465 78.000201 0.999451	0 "Flow 0" 0.010	"Received" 1110026400 792876 737275	0 0 0
000471 1497272568325465 78.000201 0.999451	0 "Flow 0" 0.010	"Lost"     0 0 0	0 0 0
000472 1497272568325465 78.000201 0.999451	-1 "Total" 0	"Sent"     0 0 0	0 0 0
000473 1497272568325465 78.000201 0.999451	-1 "Total" 0	"Received" 1110026400 792876 737275	0 0 0
000474 1497272568325465 78.000201 0.999451	-1 "Total" 0	"Lost"     0 0 0	0 0 0
000475 1497272569326025 79.000761 1.000560	0 "Flow 0" 0.010	"Sent"     0 0 0	0 0 0
000476 1497272569326025 79.000761 1.000560	0 "Flow 0" 0.010	"Received" 1110026400 792876 737275	0 0 0
000477 1497272569326025 79.000761 1.000560	0 "Flow 0" 0.010	"Lost"     0 0 0	0 0 0
000478 1497272569326025 79.000761 1.000560	-1 "Total" 0	"Sent"     0 0 0	0 0 0
000479 1497272569326025 79.000761 1.000560	-1 "Total" 0	"Received" 1110026400 792876 737275	0 0 0
000480 1497272569326025 79.000761 1.000560	-1 "Total" 0	"Lost"     0 0 0	0 0 0
000481 1497272570326365 80.001101 1.000340	0 "Flow 0" 0.010	"Sent"     0 0 0	0 0 0
000482 1497272570326365 80.001101 1.000340	0 "Flow 0" 0.010	"Received" 1110026400 792876 737275	0 0 0
000483 1497272570326365 80.001101 1.000340	0 "Flow 0" 0.010	"Lost"     0 0 0	0 0 0
000484 1497272570326365 80.001101 1.000340	-1 "Total" 0	"Sent"     0 0 0	0 0 0
000485 1497272570326365 80.001101 1.000340	-1 "Total" 0	"Received" 1110026400 792876 737275	0 0 0
000486 1497272570326365 80.001101 1.000340	-1 "Total" 0	"Lost"     0 0 0	0 0 0
000487 1497272571326090 81.000826 0.999725	0 "Flow 0" 0.010	"Sent"     0 0 0	0 0 0
000488 1497272571326090 81.000826 0.999725	0 "Flow 0" 0.010	"Received" 1110026400 792876 737275	0 0 0
000489 1497272571326090 81.000826 0.999725	0 "Flow 0" 0.010	"Lost"     0 0 0	0 0 0
000490 1497272571326090 81.000826 0.999725	-1 "Total" 0	"Sent"     0 0 0	0 0 0
000491 1497272571326090 81.000826 0.999725	-1 "Total" 0	"Received" 1110026400 792876 737275	0 0 0
000492 1497272571326090 81.000826 0.999725	-1 "Total" 0	"Lost"     0 0 0	0 0 0
000493 1497272572326422 82.001158 1.000332	0 "Flow 0" 0.010	"Sent"     0 0 0	0 0 0
000494 1497272572326422 82.001158 1.000332	0 "Flow 0" 0.010	"Received" 1110026400 792876 737275	0 0 0
000495 1497272572326422 82.001158 1.000332	0 "Flow 0" 0.010	"Lost"     0 0 0	0 0 0
000496 1497272572326422 82.001158 1.000332	-1 "Total" 0	"Sent"     0 0 0	0 0 0
000497 1497272572326422 82.001158 1.000332	-1 "Total" 0	"Received" 1110026400 792876 737275	0 0 0
000498 1497272572326422 82.001158 1.000332	-1 "Total" 0	"Lost"     0 0 0	0 0 0
000499 1497272573325910 83.000646 0.999488	0 "Flow 0" 0.010	"Sent"     0 0 0	0 0 0
000500 1497272573325910 83.000646 0.999488	0 "Flow 0" 0.010	"Received" 1110026400 792876 737275	0 0 0
000501 1497272573325910 83.000646 0.999488	0 "Flow 0" 0.010	"Lost"     0 0 0	0 0 0
000502 1497272573325910 83.000646 0.999488	-1 "Total" 0	"Sent"     0 0 0	0 0 0
000503 1497272573325910 83.000646 0.999488	-1 "Total" 0	"Received" 1110026400 792876 737275	0 0 0
000504 1497272573325910 83.000646 0.999488	-1 "Total" 0	"Lost"     0 0 0	0 0 0
000505 1497272574326386 84.001122 1.000476	0 "Flow 0" 0.010	"Sent"     0 0 0	0 0 0
000506 1497272574326386 84.001122 1.000476	0 "Flow 0" 0.010	"Received" 1110026400 792876 737275	0 0 0
000507 1497272574326386 84.001122 1.000476	0 "Flow 0" 0.010	"Lost"     0 0 0	0 0 0
000508 1497272574326386 84.001122 1.000476	-1 "Total" 0	"Sent"     0 0 0	0 0 0
000509 1497272574326386 84.001122 1.000476	-1 "Total" 0	"Received" 1110026400 792876 737275	0 0 0
000510 1497272574326386 84.001122 1.000476	-1 "Total" 0	"Lost"     0 0 0	0 0 0
000511 1497272575325788 85.000524 0.999402	0 "Flow 0" 0.010	"Sent"     0 0 0	0 0 0
000512 1497272575325788 85.000524 0.999402	0 "Flow 0" 0.010	"Received" 1110026400 792876 737275	0 0 0
000513 1497272575325788 85.000524 0.999402	0 "Flow 0" 0.010	"Lost"     0 0 0	0 0 0
000514 1497272575325788 85.000524 0.999402	-1 "Total" 0	"Sent"     0 0 0	0 0 0
000515 1497272575325788 85.000524 0.999402	-1 "Total" 0	"Received" 1110026400 792876 737275	0 0 0
000516 1497272575325788 85.000524 0.999402	-1 "Total" 0	"Lost"     0 0 0	0 0 0
000517 1497272576326148 86.000884 1.000360	0 "Flow 0" 0.010	"Sent"     0 0 0	0 0 0
000518 1497272576326148 86.000884 1.000360	0 "Flow 0" 0.010	"Received" 1110026400 792876 737275	0 0 0
000519 1497272576326148 86.000884 1.000360	0 "Flow 0" 0.010	"Lost"     0 0 0	0 0 0
000520 1497272576326148 86.000884 1.000360	-1 "Total" 0	"Sent"     0 0 0	0 0 0
000521 1497272576326148 86.000884 1.000360	-1 "Total" 0	"Received" 1110026400 792876 737275	0 0 0
000522 1497272576326148 86.000884 1.000360	-1 "Total" 0	"Lost"     0 0 0	0 0 0
000523 1497272577325713 87.000449 0.999565	0 "Flow 0" 0.010	"Sent"     0 0 0	0 0 0
000524 1497272577325713 87.000449 0.999565	0 "Flow 0" 0.010	"Received" 1110026400 792876 737275	0 0 0
000525 1497272577325713 87.000449 0.999565	0 "Flow 0" 0.010	"Lost"     0 0 0	0 0 0
000526 1497272577325713 87.000449 0.999565	-1 "Total" 0	"Sent"     0 0 0	0 0 0
000527 1497272577325713 87.000449 0.999565	-1 "Total" 0	"Received" 1110026400 792876 737275	0 0 0
000528 1497272577325713 87.000449 0.999565	-1 "Total" 0	"Lost"     0 0 0	0 0 0
000529 1497272578326045 88.000781 1.000332	0 "Flow 0" 0.010	"Sent"     0 0 0	0 0 0
000530 1497272578326045 88.000781 1.000332	0 "Flow 0" 0.010	"Received" 1110026400 792876 737275	0 0 0
000531 1497272578326045 88.000781 1.000332	0 "Flow 0" 0.010	"Lost"     0 0 0	0 0 0
000532 1497272578326045 88.000781 1.000332	-1 "Total" 0	"Sent"     0 0 0	0 0 0
000533 1497272578326045 88.000781 1.000332	-1 "Total" 0	"Received" 1110026400 792876 737275	0 0 0
000534 1497272578326045 88.000781 1.000332	-1 "Total" 0	"Lost"     0 0 0	0 0 0
000535 1497272579325434 89.000170 0.999389	0 "Flow 0" 0.010	"Sent"     0 0 0	0 0 0
000536 1497272579325434 89.000170 0.999389	0 "Flow 0" 0.010	"Received" 1110026400 792876 737275	0 0 0
000537 1497272579325434 89.000170 0.999389	0 "Flow 0" 0.010	"Lost"     0 0 0	0 0 0
000538 1497272579325434 89.000170 0.999389	-1 "Total" 0	"Sent"     0 0 0	0 0 0
000539 1497272579325434 89.000170 0.999389	-1 "Total" 0	"Received" 1110026400 792876 737275	0 0 0
000540 1497272579325434 89.000170 0.999389	-1 "Total" 0	"Lost"     0 0 0	0 0 0
000541 1497272580325890 90.000626 1.000456	0 "Flow 0" 0.010	"Sent"     0 0 0	0 0 0
000542 1497272580325890 90.000626 1.000456	0 "Flow 0" 0.010	"Received" 1110026400 792876 737275	0 0 0
000543 1497272580325890 90.000626 1.000456	0 "Flow 0" 0.010	"Lost"     0 0 0	0 0 0
000544 1497272580325890 90.000626 1.000456	-1 "Total" 0	"Sent"     0 0 0	0 0 0
000545 1497272580325890 90.000626 1.000456	-1 "Total" 0	"Received" 1110026400 792876 737275	0 0 0
000546 1497272580325890 90.000626 1.000456	-1 "Total" 0	"Lost"     0 0 0	0 0 0
000547 1497272581326263 91.000999 1.000373	0 "Flow 0" 0.010	"Sent"     0 0 0	0 0 0
000548 1497272581326263 91.000999 1.000373	0 "Flow 0" 0.010	"Received" 1110026400 792876 737275	0 0 0
000549 1497272581326263 91.000999 1.000373	0 "Flow 0" 0.010	"Lost"     0 0 0	0 0 0
000550 1497272581326263 91.000999 1.000373	-1 "Total" 0	"Sent"     0 0 0	0 0 0
000551 1497272581326263 91.000999 1.000373	-1 "Total" 0	"Received" 1110026400 792876 737275	0 0 0
000552 1497272581326263 91.000999 1.000373	-1 "Total" 0	"Lost"     0 0 0	0 0 0
000553 1497272582325849 92.000585 0.999586	0 "Flow 0" 0.010	"Sent"     0 0 0	0 0 0
000554 1497272582325849 92.000585 0.999586	0 "Flow 0" 0.010	"Received" 1110026400 792876 737275	0 0 0
000555 1497272582325849 92.000585 0.999586	0 "Flow 0" 0.010	"Lost"     0 0 0	0 0 0
000556 1497272582325849 92.000585 0.999586	-1 "Total" 0	"Sent"     0 0 0	0 0 0
000557 1497272582325849 92.000585 0.999586	-1 "Total" 0	"Received" 1110026400 792876 737275	0 0 0
000558 1497272582325849 92.000585 0.999586	-1 "Total" 0	"Lost"     0 0 0	0 0 0
000559 1497272583326087 93.000823 1.000238	0 "Flow 0" 0.010	"Sent"     0 0 0	0 0 0
000560 1497272583326087 93.000823 1.000238	0 "Flow 0" 0.010	"Received" 1110026400 792876 737275	0 0 0
000561 1497272583326087 93.000823 1.000238	0 "Flow 0" 0.010	"Lost"     0 0 0	0 0 0
000562 1497272583326087 93.000823 1.000238	-1 "Total" 0	"Sent"     0 0 0	0 0 0
000563 1497272583326087 93.000823 1.000238	-1 "Total" 0	"Received" 1110026400 792876 737275	0 0 0
000564 1497272583326087 93.000823 1.000238	-1 "Total" 0	"Lost"     0 0 0	0 0 0
000565 1497272584325609 94.000345 0.999522	0 "Flow 0" 0.010	"Sent"     0 0 0	0 0 0
000566 1497272584325609 94.000345 0.999522	0 "Flow 0" 0.010	"Received" 1110026400 792876 737275	0 0 0
000567 1497272584325609 94.000345 0.999522	0 "Flow 0" 0.010	"Lost"     0 0 0	0 0 0
000568 1497272584325609 94.000345 0.999522	-1 "Total" 0	"Sent"     0 0 0	0 0 0
000569 1497272584325609 94.000345 0.999522	-1 "Total" 0	"Received" 1110026400 792876 737275	0 0 0
000570 1497272584325609 94.000345 0.999522	-1 "Total" 0	"Lost"     0 0 0	0 0 0
000571 1497272585325788 95.000524 1.000179	0 "Flow 0" 0.010	"Sent"     0 0 0	0 0 0
000572 1497272585325788 95.000524 1.000179	0 "Flow 0" 0.010	"Received" 1110026400 792876 737275	0 0 0
000573 1497272585325788 95.000524 1.000179	0 "Flow 0" 0.010	"Lost"     0 0 0	0 0 0
000574 1497272585325788 95.000524 1.000179	-1 "Total" 0	"Sent"     0 0 0	0 0 0
000575 1497272585325788 95.000524 1.000179	-1 "Total" 0	"Received" 1110026400 792876 737275	0 0 0
000576 1497272585325788 95.000524 1.000179	-1 "Total" 0	"Lost"     0 0 0	0 0 0
000577 1497272586325405 96.000141 0.999617	0 "Flow 0" 0.010	"Sent"     0 0 0	0 0 0
000578 1497272586325405 96.000141 0.999617	0 "Flow 0" 0.010	"Received" 1110026400 792876 737275	0 0 0
000579 1497272586325405 96.000141 0.999617	0 "Flow 0" 0.010	"Lost"     0 0 0	0 0 0
000580 1497272586325405 96.000141 0.999617	-1 "Total" 0	"Sent"     0 0 0	0 0 0
000581 1497272586325405 96.000141 0.999617	-1 "Total" 0	"Received" 1110026400 792876 737275	0 0 0
000582 1497272586325405 96.000141 0.999617	-1 "Total" 0	"Lost"     0 0 0	0 0 0
000583 1497272587325941 97.000677 1.000536	0 "Flow 0" 0.010	"Sent"     0 0 0	0 0 0
000584 1497272587325941 97.000677 1.000536	0 "Flow 0" 0.010	"Received" 1110026400 792876 737275	0 0 0
000585 1497272587325941 97.000677 1.000536	0 "Flow 0" 0.010	"Lost"     0 0 0	0 0 0
000586 1497272587325941 97.000677 1.000536	-1 "Total" 0	"Sent"     0 0 0	0 0 0
000587 1497272587325941 97.000677 1.000536	-1 "Total" 0	"Received" 1110026400 792876 737275	0 0 0
000588 1497272587325941 97.000677 1.000536	-1 "Total" 0	"Lost"     0 0 0	0 0 0
000589 1497272588326302 98.001038 1.000361	0 "Flow 0" 0.010	"Sent"     0 0 0	0 0 0
000590 1497272588326302 98.001038 1.000361	0 "Flow 0" 0.010	"Received" 1110026400 792876 737275	0 0 0
000591 1497272588326302 98.001038 1.000361	0 "Flow 0" 0.010	"Lost"     0 0 0	0 0 0
000592 1497272588326302 98.001038 1.000361	-1 "Total" 0	"Sent"     0 0 0	0 0 0
000593 1497272588326302 98.001038 1.000361	-1 "Total" 0	"Received" 1110026400 792876 737275	0 0 0
000594 1497272588326302 98.001038 1.000361	-1 "Total" 0	"Lost"     0 0 0	0 0 0
000595 1497272589325923 99.000659 0.999621	0 "Flow 0" 0.010	"Sent"     0 0 0	0 0 0
000596 1497272589325923 99.000659 0.999621	0 "Flow 0" 0.010	"Received" 1110026400 792876 737275	0 0 0
000597 1497272589325923 99.000659 0.999621	0 "Flow 0" 0.010	"Lost"     0 0 0	0 0 0
000598 1497272589325923 99.000659 0.999621	-1 "Total" 0	"Sent"     0 0 0	0 0 0
000599 1497272589325923 99.000659 0.999621	-1 "Total" 0	"Received" 1110026400 792876 737275	0 0 0
000600 1497272589325923 99.000659 0.999621	-1 "Total" 0	"Lost"     0 0 0	0 0 0
000601 1497272590325636 100.000372 0.999713	0 "Flow 0" 0.010	"Sent"     0 0 0	0 0 0
000602 1497272590325636 100.000372 0.999713	0 "Flow 0" 0.010	"Received" 1110026400 792876 737275	0 0 0
000603 1497272590325636 100.000372 0.999713	0 "Flow 0" 0.010	"Lost"     0 0 0	0 0 0
000604 1497272590325636 100.000372 0.999713	-1 "Total" 0	"Sent"     0 0 0	0 0 0
000605 1497272590325636 100.000372 0.999713	-1 "Total" 0	"Received" 1110026400 792876 737275	0 0 0
000606 1497272590325636 100.000372 0.999713	-1 "Total" 0	"Lost"     0 0 0	0 0 0
000607 1497272591325998 101.000734 1.000362	0 "Flow 0" 0.010	"Sent"     0 0 0	0 0 0
000608 1497272591325998 101.000734 1.000362	0 "Flow 0" 0.010	"Received" 1110026400 792876 737275	0 0 0
000609 1497272591325998 101.000734 1.000362	0 "Flow 0" 0.010	"Lost"     0 0 0	0 0 0
000610 1497272591325998 101.000734 1.000362	-1 "Total" 0	"Sent"     0 0 0	0 0 0
000611 1497272591325998 101.000734 1.000362	-1 "Total" 0	"Received" 1110026400 792876 737275	0 0 0
000612 1497272591325998 101.000734 1.000362	-1 "Total" 0	"Lost"     0 0 0	0 0 0
000613 1497272592325722 102.000458 0.999724	0 "Flow 0" 0.010	"Sent"     0 0 0	0 0 0
000614 1497272592325722 102.000458 0.999724	0 "Flow 0" 0.010	"Received" 1110026400 792876 737275	0 0 0
000615 1497272592325722 102.000458 0.999724	0 "Flow 0" 0.010	"Lost"     0 0 0	0 0 0
000616 1497272592325722 102.000458 0.999724	-1 "Total" 0	"Sent"     0 0 0	0 0 0
000617 1497272592325722 102.000458 0.999724	-1 "Total" 0	"Received" 1110026400 792876 737275	0 0 0
000618 1497272592325722 102.000458 0.999724	-1 "Total" 0	"Lost"     0 0 0	0 0 0
000619 1497272593326044 103.000780 1.000322	0 "Flow 0" 0.010	"Sent"     0 0 0	0 0 0
000620 1497272593326044 103.000780 1.000322	0 "Flow 0" 0.010	"Received" 1110026400 792876 737275	0 0 0
000621 1497272593326044 103.000780 1.000322	0 "Flow 0" 0.010	"Lost"     0 0 0	0 0 0
000622 1497272593326044 103.000780 1.000322	-1 "Total" 0	"Sent"     0 0 0	0 0 0
000623 1497272593326044 103.000780 1.000322	-1 "Total" 0	"Received" 1110026400 792876 737275	0 0 0
000624 1497272593326044 103.000780 1.000322	-1 "Total" 0	"Lost"     0 0 0	0 0 0
000625 1497272594325437 104.000173 0.999393	0 "Flow 0" 0.010	"Sent"     0 0 0	0 0 0
000626 1497272594325437 104.000173 0.999393	0 "Flow 0" 0.010	"Received" 1110026400 792876 737275	0 0 0
000627 1497272594325437 104.000173 0.999393	0 "Flow 0" 0.010	"Lost"     0 0 0	0 0 0
000628 1497272594325437 104.000173 0.999393	-1 "Total" 0	"Sent"     0 0 0	0 0 0
000629 1497272594325437 104.000173 0.999393	-1 "Total" 0	"Received" 1110026400 792876 737275	0 0 0
000630 1497272594325437 104.000173 0.999393	-1 "Total" 0	"Lost"     0 0 0	0 0 0
000631 1497272595326047 105.000783 1.000610	0 "Flow 0" 0.010	"Sent"     0 0 0	0 0 0
000632 1497272595326047 105.000783 1.000610	0 "Flow 0" 0.010	"Received" 1110026400 792876 737275	0 0 0
000633 1497272595326047 105.000783 1.000610	0 "Flow 0" 0.010	"Lost"     0 0 0	0 0 0
000634 1497272595326047 105.000783 1.000610	-1 "Total" 0	"Sent"     0 0 0	0 0 0
000635 1497272595326047 105.000783 1.000610	-1 "Total" 0	"Received" 1110026400 792876 737275	0 0 0
000636 1497272595326047 105.000783 1.000610	-1 "Total" 0	"Lost"     0 0 0	0 0 0
000637 1497272596325405 106.000141 0.999358	0 "Flow 0" 0.010	"Sent"     0 0 0	0 0 0
000638 1497272596325405 106.000141 0.999358	0 "Flow 0" 0.010	"Received" 1110026400 792876 737275	0 0 0
000639 1497272596325405 106.000141 0.999358	0 "Flow 0" 0.010	"Lost"     0 0 0	0 0 0
000640 1497272596325405 106.000141 0.999358	-1 "Total" 0	"Sent"     0 0 0	0 0 0
000641 1497272596325405 106.000141 0.999358	-1 "Total" 0	"Received" 1110026400 792876 737275	0 0 0
000642 1497272596325405 106.000141 0.999358	-1 "Total" 0	"Lost"     0 0 0	0 0 0
000643 1497272597325955 107.000691 1.000550	0 "Flow 0" 0.010	"Sent"     0 0 0	0 0 0
000644 1497272597325955 107.000691 1.000550	0 "Flow 0" 0.010	"Received" 1110026400 792876 737275	0 0 0
000645 1497272597325955 107.000691 1.000550	0 "Flow 0" 0.010	"Lost"     0 0 0	0 0 0
000646 1497272597325955 107.000691 1.000550	-1 "Total" 0	"Sent"     0 0 0	0 0 0
000647 1497272597325955 107.000691 1.000550	-1 "Total" 0	"Received" 1110026400 792876 737275	0 0 0
000648 1497272597325955 107.000691 1.000550	-1 "Total" 0	"Lost"     0 0 0	0 0 0
000649 1497272598325544 108.000280 0.999589	0 "Flow 0" 0.010	"Sent"     0 0 0	0 0 0
000650 1497272598325544 108.000280 0.999589	0 "Flow 0" 0.010	"Received" 1110026400 792876 737275	0 0 0
000651 1497272598325544 108.000280 0.999589	0 "Flow 0" 0.010	"Lost"     0 0 0	0 0 0
000652 1497272598325544 108.000280 0.999589	-1 "Total" 0	"Sent"     0 0 0	0 0 0
000653 1497272598325544 108.000280 0.999589	-1 "Total" 0	"Received" 1110026400 792876 737275	0 0 0
000654 1497272598325544 108.000280 0.999589	-1 "Total" 0	"Lost"     0 0 0	0 0 0
000655 1497272599326003 109.000739 1.000459	0 "Flow 0" 0.010	"Sent"     0 0 0	0 0 0
000656 1497272599326003 109.000739 1.000459	0 "Flow 0" 0.010	"Received" 1110026400 792876 737275	0 0 0
000657 1497272599326003 109.000739 1.000459	0 "Flow 0" 0.010	"Lost"     0 0 0	0 0 0
000658 1497272599326003 109.000739 1.000459	-1 "Total" 0	"Sent"     0 0 0	0 0 0
000659 1497272599326003 109.000739 1.000459	-1 "Total" 0	"Received" 1110026400 792876 737275	0 0 0
000660 1497272599326003 109.000739 1.000459	-1 "Total" 0	"Lost"     0 0 0	0 0 0
000661 1497272600326153 110.000889 1.000150	0 "Flow 0" 0.010	"Sent"     0 0 0	0 0 0
000662 1497272600326153 110.000889 1.000150	0 "Flow 0" 0.010	"Received" 1110026400 792876 737275	0 0 0
000663 1497272600326153 110.000889 1.000150	0 "Flow 0" 0.010	"Lost"     0 0 0	0 0 0
000664 1497272600326153 110.000889 1.000150	-1 "Total" 0	"Sent"     0 0 0	0 0 0
000665 1497272600326153 110.000889 1.000150	-1 "Total" 0	"Received" 1110026400 792876 737275	0 0 0
000666 1497272600326153 110.000889 1.000150	-1 "Total" 0	"Lost"     0 0 0	0 0 0
000667 1497272601325553 111.000289 0.999400	0 "Flow 0" 0.010	"Sent"     0 0 0	0 0 0
000668 1497272601325553 111.000289 0.999400	0 "Flow 0" 0.010	"Received" 1110026400 792876 737275	0 0 0
000669 1497272601325553 111.000289 0.999400	0 "Flow 0" 0.010	"Lost"     0 0 0	0 0 0
000670 1497272601325553 111.000289 0.999400	-1 "Total" 0	"Sent"     0 0 0	0 0 0
000671 1497272601325553 111.000289 0.999400	-1 "Total" 0	"Received" 1110026400 792876 737275	0 0 0
000672 1497272601325553 111.000289 0.999400	-1 "Total" 0	"Lost"     0 0 0	0 0 0
000673 1497272602326069 112.000805 1.000516	0 "Flow 0" 0.010	"Sent"     0 0 0	0 0 0
000674 1497272602326069 112.000805 1.000516	0 "Flow 0" 0.010	"Received" 1110026400 792876 737275	0 0 0
000675 1497272602326069 112.000805 1.000516	0 "Flow 0" 0.010	"Lost"     0 0 0	0 0 0
000676 1497272602326069 112.000805 1.000516	-1 "Total" 0	"Sent"     0 0 0	0 0 0
000677 1497272602326069 112.000805 1.000516	-1 "Total" 0	"Received" 1110026400 792876 737275	0 0 0
000678 1497272602326069 112.000805 1.000516	-1 "Total" 0	"Lost"     0 0 0	0 0 0
000679 1497272603325423 113.000159 0.999354	0 "Flow 0" 0.010	"Sent"     0 0 0	0 0 0
000680 1497272603325423 113.000159 0.999354	0 "Flow 0" 0.010	"Received" 1110026400 792876 737275	0 0 0
000681 1497272603325423 113.000159 0.999354	0 "Flow 0" 0.010	"Lost"     0 0 0	0 0 0
000682 1497272603325423 113.000159 0.999354	-1 "Total" 0	"Sent"     0 0 0	0 0 0
000683 1497272603325423 113.000159 0.999354	-1 "Total" 0	"Received" 1110026400 792876 737275	0 0 0
000684 1497272603325423 113.000159 0.999354	-1 "Total" 0	"Lost"     0 0 0	0 0 0
000685 1497272604325844 114.000580 1.000421	0 "Flow 0" 0.010	"Sent"     0 0 0	0 0 0
000686 1497272604325844 114.000580 1.000421	0 "Flow 0" 0.010	"Received" 1110026400 792876 737275	0 0 0
000687 1497272604325844 114.000580 1.000421	0 "Flow 0" 0.010	"Lost"     0 0 0	0 0 0
000688 1497272604325844 114.000580 1.000421	-1 "Total" 0	"Sent"     0 0 0	0 0 0
000689 1497272604325844 114.000580 1.000421	-1 "Total" 0	"Received" 1110026400 792876 737275	0 0 0
000690 1497272604325844 114.000580 1.000421	-1 "Total" 0	"Lost"     0 0 0	0 0 0
000691 1497272605326124 115.000860 1.000280	0 "Flow 0" 0.010	"Sent"     0 0 0	0 0 0
000692 1497272605326124 115.000860 1.000280	0 "Flow 0" 0.010	"Received" 1110026400 792876 737275	0 0 0
000693 1497272605326124 115.000860 1.000280	0 "Flow 0" 0.010	"Lost"     0 0 0	0 0 0
000694 1497272605326124 115.000860 1.000280	-1 "Total" 0	"Sent"     0 0 0	0 0 0
000695 1497272605326124 115.000860 1.000280	-1 "Total" 0	"Received" 1110026400 792876 737275	0 0 0
000696 1497272605326124 115.000860 1.000280	-1 "Total" 0	"Lost"     0 0 0	0 0 0
000697 1497272606325567 116.000303 0.999443	0 "Flow 0" 0.010	"Sent"     0 0 0	0 0 0
000698 1497272606325567 116.000303 0.999443	0 "Flow 0" 0.010	"Received" 1110026400 792876 737275	0 0 0
000699 1497272606325567 116.000303 0.999443	0 "Flow 0" 0.010	"Lost"     0 0 0	0 0 0
000700 1497272606325567 116.000303 0.999443	-1 "Total" 0	"Sent"     0 0 0	0 0 0
000701 1497272606325567 116.000303 0.999443	-1 "Total" 0	"Received" 1110026400 792876 737275	0 0 0
000702 1497272606325567 116.000303 0.999443	-1 "Total" 0	"Lost"     0 0 0	0 0 0
000703 1497272607325812 117.000548 1.000245	0 "Flow 0" 0.010	"Sent"     0 0 0	0 0 0
000704 1497272607325812 117.000548 1.000245	0 "Flow 0" 0.010	"Received" 1110026400 792876 737275	0 0 0
000705 1497272607325812 117.000548 1.000245	0 "Flow 0" 0.010	"Lost"     0 0 0	0 0 0
000706 1497272607325812 117.000548 1.000245	-1 "Total" 0	"Sent"     0 0 0	0 0 0
000707 1497272607325812 117.000548 1.000245	-1 "Total" 0	"Received" 1110026400 792876 737275	0 0 0
000708 1497272607325812 117.000548 1.000245	-1 "Total" 0	"Lost"     0 0 0	0 0 0
000709 1497272608326453 118.001189 1.000641	0 "Flow 0" 0.010	"Sent"     0 0 0	0 0 0
000710 1497272608326453 118.001189 1.000641	0 "Flow 0" 0.010	"Received" 1110026400 792876 737275	0 0 0
000711 1497272608326453 118.001189 1.000641	0 "Flow 0" 0.010	"Lost"     0 0 0	0 0 0
000712 1497272608326453 118.001189 1.000641	-1 "Total" 0	"Sent"     0 0 0	0 0 0
000713 1497272608326453 118.001189 1.000641	-1 "Total" 0	"Received" 1110026400 792876 737275	0 0 0
000714 1497272608326453 118.001189 1.000641	-1 "Total" 0	"Lost"     0 0 0	0 0 0
000715 1497272609326076 119.000812 0.999623	0 "Flow 0" 0.010	"Sent"     0 0 0	0 0 0
000716 1497272609326076 119.000812 0.999623	0 "Flow 0" 0.010	"Received" 1110026400 792876 737275	0 0 0
000717 1497272609326076 119.000812 0.999623	0 "Flow 0" 0.010	"Lost"     0 0 0	0 0 0
000718 1497272609326076 119.000812 0.999623	-1 "Total" 0	"Sent"     0 0 0	0 0 0
000719 1497272609326076 119.000812 0.999623	-1 "Total" 0	"Received" 1110026400 792876 737275	0 0 0
000720 1497272609326076 119.000812 0.999623	-1 "Total" 0	"Lost"     0 0 0	0 0 0
000721 1497272610326390 120.001126 1.000314	0 "Flow 0" 0.010	"Sent"     0 0 0	0 0 0
000722 1497272610326390 120.001126 1.000314	0 "Flow 0" 0.010	"Received" 1110026400 792876 737275	0 0 0
000723 1497272610326390 120.001126 1.000314	0 "Flow 0" 0.010	"Lost"     0 0 0	0 0 0
000724 1497272610326390 120.001126 1.000314	-1 "Total" 0	"Sent"     0 0 0	0 0 0
000725 1497272610326390 120.001126 1.000314	-1 "Total" 0	"Received" 1110026400 792876 737275	0 0 0
000726 1497272610326390 120.001126 1.000314	-1 "Total" 0	"Lost"     0 0 0	0 0 0
