AbsTime RelTime Interval	FlowID Description Jitter	Action	AbsBytes AbsPackets AbsFrames	RelBytes RelPackets RelFrames
000001 1497272613822052 0.000000 0.000000	0 "Flow 0" 36.673	"Sent"     0 0 0	0 0 0
000002 1497272613822052 0.000000 0.000000	0 "Flow 0" 36.673	"Received" 14000 10 0	14000 10 0
000003 1497272613822052 0.000000 0.000000	0 "Flow 0" 36.673	"Lost"     0 0 0	0 0 0
000004 1497272613822052 0.000000 0.000000	-1 "Total" 0	"Sent"     0 0 0	0 0 0
000005 1497272613822052 0.000000 0.000000	-1 "Total" 0	"Received" 14000 10 0	14000 10 0
000006 1497272613822052 0.000000 0.000000	-1 "Total" 0	"Lost"     0 0 0	0 0 0
000007 1497272614822054 1.000002 1.000002	0 "Flow 0" 0.106	"Sent"     0 0 0	0 0 0
000008 1497272614822054 1.000002 1.000002	0 "Flow 0" 0.106	"Received" 28177800 20127 0	28163800 20117 0
000009 1497272614822054 1.000002 1.000002	0 "Flow 0" 0.106	"Lost"     0 0 0	0 0 0
000010 1497272614822054 1.000002 1.000002	-1 "Total" 0	"Sent"     0 0 0	0 0 0
000011 1497272614822054 1.000002 1.000002	-1 "Total" 0	"Received" 28177800 20127 0	28163800 20117 0
000012 1497272614822054 1.000002 1.000002	-1 "Total" 0	"Lost"     0 0 0	0 0 0
000013 1497272615822234 2.000182 1.000180	0 "Flow 0" 0.125	"Sent"     0 0 0	0 0 0
000014 1497272615822234 2.000182 1.000180	0 "Flow 0" 0.125	"Received" 47808600 34149 0	19630800 14022 0
000015 1497272615822234 2.000182 1.000180	0 "Flow 0" 0.125	"Lost"     0 0 0	0 0 0
000016 1497272615822234 2.000182 1.000180	-1 "Total" 0	"Sent"     0 0 0	0 0 0
000017 1497272615822234 2.000182 1.000180	-1 "Total" 0	"Received" 47808600 34149 0	19630800 14022 0
000018 1497272615822234 2.000182 1.000180	-1 "Total" 0	"Lost"     0 0 0	0 0 0
000019 1497272616822639 3.000587 1.000405	0 "Flow 0" 4.772	"Sent"     0 0 0	0 0 0
000020 1497272616822639 3.000587 1.000405	0 "Flow 0" 4.772	"Received" 68604200 49003 0	20795600 14854 0
000021 1497272616822639 3.000587 1.000405	0 "Flow 0" 4.772	"Lost"     0 0 0	0 0 0
000022 1497272616822639 3.000587 1.000405	-1 "Total" 0	"Sent"     0 0 0	0 0 0
000023 1497272616822639 3.000587 1.000405	-1 "Total" 0	"Received" 68604200 49003 0	20795600 14854 0
000024 1497272616822639 3.000587 1.000405	-1 "Total" 0	"Lost"     0 0 0	0 0 0
000025 1497272617822440 4.000388 0.999801	0 "Flow 0" 0.107	"Sent"     0 0 0	0 0 0
000026 1497272617822440 4.000388 0.999801	0 "Flow 0" 0.107	"Received" 86265200 61618 0	17661000 12615 0
000027 1497272617822440 4.000388 0.999801	0 "Flow 0" 0.107	"Lost"     0 0 0	0 0 0
000028 1497272617822440 4.000388 0.999801	-1 "Total" 0	"Sent"     0 0 0	0 0 0
000029 1497272617822440 4.000388 0.999801	-1 "Total" 0	"Received" 86265200 61618 0	17661000 12615 0
000030 1497272617822440 4.000388 0.999801	-1 "Total" 0	"Lost"     0 0 0	0 0 0
000031 1497272618822587 5.000535 1.000147	0 "Flow 0" 0.018	"Sent"     0 0 0	0 0 0
000032 1497272618822587 5.000535 1.000147	0 "Flow 0" 0.018	"Received" 98047600 70034 10	11782400 8416 10
000033 1497272618822587 5.000535 1.000147	0 "Flow 0" 0.018	"Lost"     0 0 0	0 0 0
000034 1497272618822587 5.000535 1.000147	-1 "Total" 0	"Sent"     0 0 0	0 0 0
000035 1497272618822587 5.000535 1.000147	-1 "Total" 0	"Received" 98047600 70034 10	11782400 8416 10
000036 1497272618822587 5.000535 1.000147	-1 "Total" 0	"Lost"     0 0 0	0 0 0
000037 1497272619822714 6.000662 1.000127	0 "Flow 0" 1.068	"Sent"     0 0 0	0 0 0
000038 1497272619822714 6.000662 1.000127	0 "Flow 0" 1.068	"Received" 109887400 78491 20114	11839800 8457 20104
000039 1497272619822714 6.000662 1.000127	0 "Flow 0" 1.068	"Lost"     0 0 0	0 0 0
000040 1497272619822714 6.000662 1.000127	-1 "Total" 0	"Sent"     0 0 0	0 0 0
000041 1497272619822714 6.000662 1.000127	-1 "Total" 0	"Received" 109887400 78491 20114	11839800 8457 20104
000042 1497272619822714 6.000662 1.000127	-1 "Total" 0	"Lost"     0 0 0	0 0 0
000043 1497272620822063 7.000011 0.999349	0 "Flow 0" 0.099	"Sent"     0 0 0	0 0 0
000044 1497272620822063 7.000011 0.999349	0 "Flow 0" 0.099	"Received" 121576000 86840 34149	11688600 8349 14035
000045 1497272620822063 7.000011 0.999349	0 "Flow 0" 0.099	"Lost"     0 0 0	0 0 0
000046 1497272620822063 7.000011 0.999349	-1 "Total" 0	"Sent"     0 0 0	0 0 0
000047 1497272620822063 7.000011 0.999349	-1 "Total" 0	"Received" 121576000 86840 34149	11688600 8349 14035
000048 1497272620822063 7.000011 0.999349	-1 "Total" 0	"Lost"     0 0 0	0 0 0
000049 1497272621822375 8.000323 1.000312	0 "Flow 0" 0.901	"Sent"     0 0 0	0 0 0
000050 1497272621822375 8.000323 1.000312	0 "Flow 0" 0.901	"Received" 135251200 96608 49003	13675200 9768 14854
000051 1497272621822375 8.000323 1.000312	0 "Flow 0" 0.901	"Lost"     0 0 0	0 0 0
000052 1497272621822375 8.000323 1.000312	-1 "Total" 0	"Sent"     0 0 0	0 0 0
000053 1497272621822375 8.000323 1.000312	-1 "Total" 0	"Received" 135251200 96608 49003	13675200 9768 14854
000054 1497272621822375 8.000323 1.000312	-1 "Total" 0	"Lost"     0 0 0	0 0 0
000055 1497272622822463 9.000411 1.000088	0 "Flow 0" 0.145	"Sent"     0 0 0	0 0 0
000056 1497272622822463 9.000411 1.000088	0 "Flow 0" 0.145	"Received" 151659200 108328 61618	16408000 11720 12615
000057 1497272622822463 9.000411 1.000088	0 "Flow 0" 0.145	"Lost"     0 0 0	0 0 0
000058 1497272622822463 9.000411 1.000088	-1 "Total" 0	"Sent"     0 0 0	0 0 0
000059 1497272622822463 9.000411 1.000088	-1 "Total" 0	"Received" 151659200 108328 61618	16408000 11720 12615
000060 1497272622822463 9.000411 1.000088	-1 "Total" 0	"Lost"     0 0 0	0 0 0
000061 1497272623822278 10.000226 0.999815	0 "Flow 0" 0.174	"Sent"     0 0 0	0 0 0
000062 1497272623822278 10.000226 0.999815	0 "Flow 0" 0.174	"Received" 165681600 118344 70034	14022400 10016 8416
000063 1497272623822278 10.000226 0.999815	0 "Flow 0" 0.174	"Lost"     0 0 0	0 0 0
000064 1497272623822278 10.000226 0.999815	-1 "Total" 0	"Sent"     0 0 0	0 0 0
000065 1497272623822278 10.000226 0.999815	-1 "Total" 0	"Received" 165681600 118344 70034	14022400 10016 8416
000066 1497272623822278 10.000226 0.999815	-1 "Total" 0	"Lost"     0 0 0	0 0 0
000067 1497272624822675 11.000623 1.000397	0 "Flow 0" 0.148	"Sent"     0 0 0	0 0 0
000068 1497272624822675 11.000623 1.000397	0 "Flow 0" 0.148	"Received" 174714400 124796 78491	9032800 6452 8457
000069 1497272624822675 11.000623 1.000397	0 "Flow 0" 0.148	"Lost"     0 0 0	0 0 0
000070 1497272624822675 11.000623 1.000397	-1 "Total" 0	"Sent"     0 0 0	0 0 0
000071 1497272624822675 11.000623 1.000397	-1 "Total" 0	"Received" 174714400 124796 78491	9032800 6452 8457
000072 1497272624822675 11.000623 1.000397	-1 "Total" 0	"Lost"     0 0 0	0 0 0
000073 1497272625822246 12.000194 0.999571	0 "Flow 0" 0.323	"Sent"     0 0 0	0 0 0
000074 1497272625822246 12.000194 0.999571	0 "Flow 0" 0.323	"Received" 187093200 133638 86842	12378800 8842 8351
000075 1497272625822246 12.000194 0.999571	0 "Flow 0" 0.323	"Lost"     0 0 0	0 0 0
000076 1497272625822246 12.000194 0.999571	-1 "Total" 0	"Sent"     0 0 0	0 0 0
000077 1497272625822246 12.000194 0.999571	-1 "Total" 0	"Received" 187093200 133638 86842	12378800 8842 8351
000078 1497272625822246 12.000194 0.999571	-1 "Total" 0	"Lost"     0 0 0	0 0 0
000079 1497272626822586 13.000534 1.000340	0 "Flow 0" 0.118	"Sent"     0 0 0	0 0 0
000080 1497272626822586 13.000534 1.000340	0 "Flow 0" 0.118	"Received" 201691000 144065 96583	14597800 10427 9741
000081 1497272626822586 13.000534 1.000340	0 "Flow 0" 0.118	"Lost"     0 0 0	0 0 0
000082 1497272626822586 13.000534 1.000340	-1 "Total" 0	"Sent"     0 0 0	0 0 0
000083 1497272626822586 13.000534 1.000340	-1 "Total" 0	"Received" 201691000 144065 96583	14597800 10427 9741
000084 1497272626822586 13.000534 1.000340	-1 "Total" 0	"Lost"     0 0 0	0 0 0
000085 1497272627822055 14.000003 0.999469	0 "Flow 0" 0.046	"Sent"     0 0 0	0 0 0
000086 1497272627822055 14.000003 0.999469	0 "Flow 0" 0.046	"Received" 219039800 156457 108328	17348800 12392 11745
000087 1497272627822055 14.000003 0.999469	0 "Flow 0" 0.046	"Lost"     0 0 0	0 0 0
000088 1497272627822055 14.000003 0.999469	-1 "Total" 0	"Sent"     0 0 0	0 0 0
000089 1497272627822055 14.000003 0.999469	-1 "Total" 0	"Received" 219039800 156457 108328	17348800 12392 11745
000090 1497272627822055 14.000003 0.999469	-1 "Total" 0	"Lost"     0 0 0	0 0 0
000091 1497272628822097 15.000045 1.000042	0 "Flow 0" 0.098	"Sent"     0 0 0	0 0 0
000092 1497272628822097 15.000045 1.000042	0 "Flow 0" 0.098	"Received" 237913200 169938 118344	18873400 13481 10016
000093 1497272628822097 15.000045 1.000042	0 "Flow 0" 0.098	"Lost"     0 0 0	0 0 0
000094 1497272628822097 15.000045 1.000042	-1 "Total" 0	"Sent"     0 0 0	0 0 0
000095 1497272628822097 15.000045 1.000042	-1 "Total" 0	"Received" 237913200 169938 118344	18873400 13481 10016
000096 1497272628822097 15.000045 1.000042	-1 "Total" 0	"Lost"     0 0 0	0 0 0
000097 1497272629822073 16.000021 0.999976	0 "Flow 0" 0.110	"Sent"     0 0 0	0 0 0
000098 1497272629822073 16.000021 0.999976	0 "Flow 0" 0.110	"Received" 254709000 181935 124795	16795800 11997 6451
000099 1497272629822073 16.000021 0.999976	0 "Flow 0" 0.110	"Lost"     0 0 0	0 0 0
000100 1497272629822073 16.000021 0.999976	-1 "Total" 0	"Sent"     0 0 0	0 0 0
000101 1497272629822073 16.000021 0.999976	-1 "Total" 0	"Received" 254709000 181935 124795	16795800 11997 6451
000102 1497272629822073 16.000021 0.999976	-1 "Total" 0	"Lost"     0 0 0	0 0 0
000103 1497272630822061 17.000009 0.999988	0 "Flow 0" 0.050	"Sent"     0 0 0	0 0 0
000104 1497272630822061 17.000009 0.999988	0 "Flow 0" 0.050	"Received" 273714000 195510 133637	19005000 13575 8842
000105 1497272630822061 17.000009 0.999988	0 "Flow 0" 0.050	"Lost"     0 0 0	0 0 0
000106 1497272630822061 17.000009 0.999988	-1 "Total" 0	"Sent"     0 0 0	0 0 0
000107 1497272630822061 17.000009 0.999988	-1 "Total" 0	"Received" 273714000 195510 133637	19005000 13575 8842
000108 1497272630822061 17.000009 0.999988	-1 "Total" 0	"Lost"     0 0 0	0 0 0
000109 1497272631822360 18.000308 1.000299	0 "Flow 0" 0.344	"Sent"     0 0 0	0 0 0
000110 1497272631822360 18.000308 1.000299	0 "Flow 0" 0.344	"Received" 292255600 208754 144056	18541600 13244 10419
000111 1497272631822360 18.000308 1.000299	0 "Flow 0" 0.344	"Lost"     0 0 0	0 0 0
000112 1497272631822360 18.000308 1.000299	-1 "Total" 0	"Sent"     0 0 0	0 0 0
000113 1497272631822360 18.000308 1.000299	-1 "Total" 0	"Received" 292255600 208754 144056	18541600 13244 10419
000114 1497272631822360 18.000308 1.000299	-1 "Total" 0	"Lost"     0 0 0	0 0 0
000115 1497272632822054 19.000002 0.999694	0 "Flow 0" 0.108	"Sent"     0 0 0	0 0 0
000116 1497272632822054 19.000002 0.999694	0 "Flow 0" 0.108	"Received" 304126200 217233 156457	11870600 8479 12401
000117 1497272632822054 19.000002 0.999694	0 "Flow 0" 0.108	"Lost"     0 0 0	0 0 0
000118 1497272632822054 19.000002 0.999694	-1 "Total" 0	"Sent"     0 0 0	0 0 0
000119 1497272632822054 19.000002 0.999694	-1 "Total" 0	"Received" 304126200 217233 156457	11870600 8479 12401
000120 1497272632822054 19.000002 0.999694	-1 "Total" 0	"Lost"     0 0 0	0 0 0
000121 1497272633822055 20.000003 1.000001	0 "Flow 0" 0.187	"Sent"     0 0 0	0 0 0
000122 1497272633822055 20.000003 1.000001	0 "Flow 0" 0.187	"Received" 318094000 227210 169936	13967800 9977 13479
000123 1497272633822055 20.000003 1.000001	0 "Flow 0" 0.187	"Lost"     0 0 0	0 0 0
000124 1497272633822055 20.000003 1.000001	-1 "Total" 0	"Sent"     0 0 0	0 0 0
000125 1497272633822055 20.000003 1.000001	-1 "Total" 0	"Received" 318094000 227210 169936	13967800 9977 13479
000126 1497272633822055 20.000003 1.000001	-1 "Total" 0	"Lost"     0 0 0	0 0 0
000127 1497272634822209 21.000157 1.000154	0 "Flow 0" 0.092	"Sent"     0 0 0	0 0 0
000128 1497272634822209 21.000157 1.000154	0 "Flow 0" 0.092	"Received" 334999000 239285 181934	16905000 12075 11998
000129 1497272634822209 21.000157 1.000154	0 "Flow 0" 0.092	"Lost"     0 0 0	0 0 0
000130 1497272634822209 21.000157 1.000154	-1 "Total" 0	"Sent"     0 0 0	0 0 0
000131 1497272634822209 21.000157 1.000154	-1 "Total" 0	"Received" 334999000 239285 181934	16905000 12075 11998
000132 1497272634822209 21.000157 1.000154	-1 "Total" 0	"Lost"     0 0 0	0 0 0
000133 1497272635822147 22.000095 0.999938	0 "Flow 0" 0.109	"Sent"     0 0 0	0 0 0
000134 1497272635822147 22.000095 0.999938	0 "Flow 0" 0.109	"Received" 353361400 252401 195507	18362400 13116 13573
000135 1497272635822147 22.000095 0.999938	0 "Flow 0" 0.109	"Lost"     0 0 0	0 0 0
000136 1497272635822147 22.000095 0.999938	-1 "Total" 0	"Sent"     0 0 0	0 0 0
000137 1497272635822147 22.000095 0.999938	-1 "Total" 0	"Received" 353361400 252401 195507	18362400 13116 13573
000138 1497272635822147 22.000095 0.999938	-1 "Total" 0	"Lost"     0 0 0	0 0 0
000139 1497272636890185 23.068133 1.068038	0 "Flow 0" 0.033	"Sent"     0 0 0	0 0 0
000140 1497272636890185 23.068133 1.068038	0 "Flow 0" 0.033	"Received" 370406400 264576 208578	17045000 12175 13071
000141 1497272636890185 23.068133 1.068038	0 "Flow 0" 0.033	"Lost"     0 0 0	0 0 0
000142 1497272636890185 23.068133 1.068038	-1 "Total" 0	"Sent"     0 0 0	0 0 0
000143 1497272636890185 23.068133 1.068038	-1 "Total" 0	"Received" 370406400 264576 208578	17045000 12175 13071
000144 1497272636890185 23.068133 1.068038	-1 "Total" 0	"Lost"     0 0 0	0 0 0
000145 1497272637822146 24.000094 0.931961	0 "Flow 0" 0.061	"Sent"     0 0 0	0 0 0
000146 1497272637822146 24.000094 0.931961	0 "Flow 0" 0.061	"Received" 389902800 278502 217233	19496400 13926 8655
000147 1497272637822146 24.000094 0.931961	0 "Flow 0" 0.061	"Lost"     0 0 0	0 0 0
000148 1497272637822146 24.000094 0.931961	-1 "Total" 0	"Sent"     0 0 0	0 0 0
000149 1497272637822146 24.000094 0.931961	-1 "Total" 0	"Received" 389902800 278502 217233	19496400 13926 8655
000150 1497272637822146 24.000094 0.931961	-1 "Total" 0	"Lost"     0 0 0	0 0 0
000151 1497272638923911 25.101859 1.101765	0 "Flow 0" 0.155	"Sent"     0 0 0	0 0 0
000152 1497272638923911 25.101859 1.101765	0 "Flow 0" 0.155	"Received" 410977000 293555 227171	21074200 15053 9938
000153 1497272638923911 25.101859 1.101765	0 "Flow 0" 0.155	"Lost"     0 0 0	0 0 0
000154 1497272638923911 25.101859 1.101765	-1 "Total" 0	"Sent"     0 0 0	0 0 0
000155 1497272638923911 25.101859 1.101765	-1 "Total" 0	"Received" 410977000 293555 227171	21074200 15053 9938
000156 1497272638923911 25.101859 1.101765	-1 "Total" 0	"Lost"     0 0 0	0 0 0
000157 1497272639822926 26.000874 0.899015	0 "Flow 0" 0.912	"Sent"     0 0 0	0 0 0
000158 1497272639822926 26.000874 0.899015	0 "Flow 0" 0.912	"Received" 428334200 305953 239283	17357200 12398 12112
000159 1497272639822926 26.000874 0.899015	0 "Flow 0" 0.912	"Lost"     0 0 0	0 0 0
000160 1497272639822926 26.000874 0.899015	-1 "Total" 0	"Sent"     0 0 0	0 0 0
000161 1497272639822926 26.000874 0.899015	-1 "Total" 0	"Received" 428334200 305953 239283	17357200 12398 12112
000162 1497272639822926 26.000874 0.899015	-1 "Total" 0	"Lost"     0 0 0	0 0 0
000163 1497272640822404 27.000352 0.999478	0 "Flow 0" 0.385	"Sent"     0 0 0	0 0 0
000164 1497272640822404 27.000352 0.999478	0 "Flow 0" 0.385	"Received" 439702200 314073 252379	11368000 8120 13096
000165 1497272640822404 27.000352 0.999478	0 "Flow 0" 0.385	"Lost"     0 0 0	0 0 0
000166 1497272640822404 27.000352 0.999478	-1 "Total" 0	"Sent"     0 0 0	0 0 0
000167 1497272640822404 27.000352 0.999478	-1 "Total" 0	"Received" 439702200 314073 252379	11368000 8120 13096
000168 1497272640822404 27.000352 0.999478	-1 "Total" 0	"Lost"     0 0 0	0 0 0
000169 1497272641875430 28.053378 1.053026	0 "Flow 0" 0.111	"Sent"     0 0 0	0 0 0
000170 1497272641875430 28.053378 1.053026	0 "Flow 0" 0.111	"Received" 451526600 322519 264268	11824400 8446 11889
000171 1497272641875430 28.053378 1.053026	0 "Flow 0" 0.111	"Lost"     0 0 0	0 0 0
000172 1497272641875430 28.053378 1.053026	-1 "Total" 0	"Sent"     0 0 0	0 0 0
000173 1497272641875430 28.053378 1.053026	-1 "Total" 0	"Received" 451526600 322519 264268	11824400 8446 11889
000174 1497272641875430 28.053378 1.053026	-1 "Total" 0	"Lost"     0 0 0	0 0 0
000175 1497272642822141 29.000089 0.946711	0 "Flow 0" 0.117	"Sent"     0 0 0	0 0 0
000176 1497272642822141 29.000089 0.946711	0 "Flow 0" 0.117	"Received" 466631200 333308 278501	15104600 10789 14233
000177 1497272642822141 29.000089 0.946711	0 "Flow 0" 0.117	"Lost"     0 0 0	0 0 0
000178 1497272642822141 29.000089 0.946711	-1 "Total" 0	"Sent"     0 0 0	0 0 0
000179 1497272642822141 29.000089 0.946711	-1 "Total" 0	"Received" 466631200 333308 278501	15104600 10789 14233
000180 1497272642822141 29.000089 0.946711	-1 "Total" 0	"Lost"     0 0 0	0 0 0
000181 1497272643822093 30.000041 0.999952	0 "Flow 0" 0.015	"Sent"     0 0 0	0 0 0
000182 1497272643822093 30.000041 0.999952	0 "Flow 0" 0.015	"Received" 483774200 345553 293555	17143000 12245 15054
000183 1497272643822093 30.000041 0.999952	0 "Flow 0" 0.015	"Lost"     0 0 0	0 0 0
000184 1497272643822093 30.000041 0.999952	-1 "Total" 0	"Sent"     0 0 0	0 0 0
000185 1497272643822093 30.000041 0.999952	-1 "Total" 0	"Received" 483774200 345553 293555	17143000 12245 15054
000186 1497272643822093 30.000041 0.999952	-1 "Total" 0	"Lost"     0 0 0	0 0 0
000187 1497272644822460 31.000408 1.000367	0 "Flow 0" 0.110	"Sent"     0 0 0	0 0 0
000188 1497272644822460 31.000408 1.000367	0 "Flow 0" 0.110	"Received" 500984400 357846 305953	17210200 12293 12398
000189 1497272644822460 31.000408 1.000367	0 "Flow 0" 0.110	"Lost"     0 0 0	0 0 0
000190 1497272644822460 31.000408 1.000367	-1 "Total" 0	"Sent"     0 0 0	0 0 0
000191 1497272644822460 31.000408 1.000367	-1 "Total" 0	"Received" 500984400 357846 305953	17210200 12293 12398
000192 1497272644822460 31.000408 1.000367	-1 "Total" 0	"Lost"     0 0 0	0 0 0
000193 1497272645822327 32.000275 0.999867	0 "Flow 0" 0.094	"Sent"     0 0 0	0 0 0
000194 1497272645822327 32.000275 0.999867	0 "Flow 0" 0.094	"Received" 520108400 371506 314073	19124000 13660 8120
000195 1497272645822327 32.000275 0.999867	0 "Flow 0" 0.094	"Lost"     0 0 0	0 0 0
000196 1497272645822327 32.000275 0.999867	-1 "Total" 0	"Sent"     0 0 0	0 0 0
000197 1497272645822327 32.000275 0.999867	-1 "Total" 0	"Received" 520108400 371506 314073	19124000 13660 8120
000198 1497272645822327 32.000275 0.999867	-1 "Total" 0	"Lost"     0 0 0	0 0 0
000199 1497272646822219 33.000167 0.999892	0 "Flow 0" 0.032	"Sent"     0 0 0	0 0 0
000200 1497272646822219 33.000167 0.999892	0 "Flow 0" 0.032	"Received" 535035200 382168 322519	14926800 10662 8446
000201 1497272646822219 33.000167 0.999892	0 "Flow 0" 0.032	"Lost"     0 0 0	0 0 0
000202 1497272646822219 33.000167 0.999892	-1 "Total" 0	"Sent"     0 0 0	0 0 0
000203 1497272646822219 33.000167 0.999892	-1 "Total" 0	"Received" 535035200 382168 322519	14926800 10662 8446
000204 1497272646822219 33.000167 0.999892	-1 "Total" 0	"Lost"     0 0 0	0 0 0
000205 1497272647897299 34.075247 1.075080	0 "Flow 0" 0.021	"Sent"     0 0 0	0 0 0
000206 1497272647897299 34.075247 1.075080	0 "Flow 0" 0.021	"Received" 553012600 395009 332981	17977400 12841 10462
000207 1497272647897299 34.075247 1.075080	0 "Flow 0" 0.021	"Lost"     0 0 0	0 0 0
000208 1497272647897299 34.075247 1.075080	-1 "Total" 0	"Sent"     0 0 0	0 0 0
000209 1497272647897299 34.075247 1.075080	-1 "Total" 0	"Received" 553012600 395009 332981	17977400 12841 10462
000210 1497272647897299 34.075247 1.075080	-1 "Total" 0	"Lost"     0 0 0	0 0 0
000211 1497272648822087 35.000035 0.924788	0 "Flow 0" 0.109	"Sent"     0 0 0	0 0 0
000212 1497272648822087 35.000035 0.924788	0 "Flow 0" 0.109	"Received" 569741200 406958 345553	16728600 11949 12572
000213 1497272648822087 35.000035 0.924788	0 "Flow 0" 0.109	"Lost"     0 0 0	0 0 0
000214 1497272648822087 35.000035 0.924788	-1 "Total" 0	"Sent"     0 0 0	0 0 0
000215 1497272648822087 35.000035 0.924788	-1 "Total" 0	"Received" 569741200 406958 345553	16728600 11949 12572
000216 1497272648822087 35.000035 0.924788	-1 "Total" 0	"Lost"     0 0 0	0 0 0
000217 1497272649822302 36.000250 1.000215	0 "Flow 0" 0.117	"Sent"     0 0 0	0 0 0
000218 1497272649822302 36.000250 1.000215	0 "Flow 0" 0.117	"Received" 585772600 418409 357846	16031400 11451 12293
000219 1497272649822302 36.000250 1.000215	0 "Flow 0" 0.117	"Lost"     0 0 0	0 0 0
000220 1497272649822302 36.000250 1.000215	-1 "Total" 0	"Sent"     0 0 0	0 0 0
000221 1497272649822302 36.000250 1.000215	-1 "Total" 0	"Received" 585772600 418409 357846	16031400 11451 12293
000222 1497272649822302 36.000250 1.000215	-1 "Total" 0	"Lost"     0 0 0	0 0 0
000223 1497272650822063 37.000011 0.999761	0 "Flow 0" 0.087	"Sent"     0 0 0	0 0 0
000224 1497272650822063 37.000011 0.999761	0 "Flow 0" 0.087	"Received" 602553000 430395 371506	16780400 11986 13660
000225 1497272650822063 37.000011 0.999761	0 "Flow 0" 0.087	"Lost"     0 0 0	0 0 0
000226 1497272650822063 37.000011 0.999761	-1 "Total" 0	"Sent"     0 0 0	0 0 0
000227 1497272650822063 37.000011 0.999761	-1 "Total" 0	"Received" 602553000 430395 371506	16780400 11986 13660
000228 1497272650822063 37.000011 0.999761	-1 "Total" 0	"Lost"     0 0 0	0 0 0
000229 1497272651822094 38.000042 1.000031	0 "Flow 0" 0.122	"Sent"     0 0 0	0 0 0
000230 1497272651822094 38.000042 1.000031	0 "Flow 0" 0.122	"Received" 620345600 443104 382168	17792600 12709 10662
000231 1497272651822094 38.000042 1.000031	0 "Flow 0" 0.122	"Lost"     0 0 0	0 0 0
000232 1497272651822094 38.000042 1.000031	-1 "Total" 0	"Sent"     0 0 0	0 0 0
000233 1497272651822094 38.000042 1.000031	-1 "Total" 0	"Received" 620345600 443104 382168	17792600 12709 10662
000234 1497272651822094 38.000042 1.000031	-1 "Total" 0	"Lost"     0 0 0	0 0 0
000235 1497272652822120 39.000068 1.000026	0 "Flow 0" 0.106	"Sent"     0 0 0	0 0 0
000236 1497272652822120 39.000068 1.000026	0 "Flow 0" 0.106	"Received" 637407400 455291 395009	17061800 12187 12841
000237 1497272652822120 39.000068 1.000026	0 "Flow 0" 0.106	"Lost"     0 0 0	0 0 0
000238 1497272652822120 39.000068 1.000026	-1 "Total" 0	"Sent"     0 0 0	0 0 0
000239 1497272652822120 39.000068 1.000026	-1 "Total" 0	"Received" 637407400 455291 395009	17061800 12187 12841
000240 1497272652822120 39.000068 1.000026	-1 "Total" 0	"Lost"     0 0 0	0 0 0
000241 1497272653822261 40.000209 1.000141	0 "Flow 0" 0.109	"Sent"     0 0 0	0 0 0
000242 1497272653822261 40.000209 1.000141	0 "Flow 0" 0.109	"Received" 653833600 467024 406958	16426200 11733 11949
000243 1497272653822261 40.000209 1.000141	0 "Flow 0" 0.109	"Lost"     0 0 0	0 0 0
000244 1497272653822261 40.000209 1.000141	-1 "Total" 0	"Sent"     0 0 0	0 0 0
000245 1497272653822261 40.000209 1.000141	-1 "Total" 0	"Received" 653833600 467024 406958	16426200 11733 11949
000246 1497272653822261 40.000209 1.000141	-1 "Total" 0	"Lost"     0 0 0	0 0 0
000247 1497272654822238 41.000186 0.999977	0 "Flow 0" 0.085	"Sent"     0 0 0	0 0 0
000248 1497272654822238 41.000186 0.999977	0 "Flow 0" 0.085	"Received" 671346200 479533 418405	17512600 12509 11447
000249 1497272654822238 41.000186 0.999977	0 "Flow 0" 0.085	"Lost"     0 0 0	0 0 0
000250 1497272654822238 41.000186 0.999977	-1 "Total" 0	"Sent"     0 0 0	0 0 0
000251 1497272654822238 41.000186 0.999977	-1 "Total" 0	"Received" 671346200 479533 418405	17512600 12509 11447
000252 1497272654822238 41.000186 0.999977	-1 "Total" 0	"Lost"     0 0 0	0 0 0
000253 1497272655822142 42.000090 0.999904	0 "Flow 0" 0.051	"Sent"     0 0 0	0 0 0
000254 1497272655822142 42.000090 0.999904	0 "Flow 0" 0.051	"Received" 688419200 491728 430391	17073000 12195 11986
000255 1497272655822142 42.000090 0.999904	0 "Flow 0" 0.051	"Lost"     0 0 0	0 0 0
000256 1497272655822142 42.000090 0.999904	-1 "Total" 0	"Sent"     0 0 0	0 0 0
000257 1497272655822142 42.000090 0.999904	-1 "Total" 0	"Received" 688419200 491728 430391	17073000 12195 11986
000258 1497272655822142 42.000090 0.999904	-1 "Total" 0	"Lost"     0 0 0	0 0 0
000259 1497272656822116 43.000064 0.999974	0 "Flow 0" 0.051	"Sent"     0 0 0	0 0 0
000260 1497272656822116 43.000064 0.999974	0 "Flow 0" 0.051	"Received" 704989600 503564 443104	16570400 11836 12713
000261 1497272656822116 43.000064 0.999974	0 "Flow 0" 0.051	"Lost"     0 0 0	0 0 0
000262 1497272656822116 43.000064 0.999974	-1 "Total" 0	"Sent"     0 0 0	0 0 0
000263 1497272656822116 43.000064 0.999974	-1 "Total" 0	"Received" 704989600 503564 443104	16570400 11836 12713
000264 1497272656822116 43.000064 0.999974	-1 "Total" 0	"Lost"     0 0 0	0 0 0
000265 1497272657822088 44.000036 0.999972	0 "Flow 0" 0.115	"Sent"     0 0 0	0 0 0
000266 1497272657822088 44.000036 0.999972	0 "Flow 0" 0.115	"Received" 719769400 514121 455276	14779800 10557 12172
000267 1497272657822088 44.000036 0.999972	0 "Flow 0" 0.115	"Lost"     0 0 0	0 0 0
000268 1497272657822088 44.000036 0.999972	-1 "Total" 0	"Sent"     0 0 0	0 0 0
000269 1497272657822088 44.000036 0.999972	-1 "Total" 0	"Received" 719769400 514121 455276	14779800 10557 12172
000270 1497272657822088 44.000036 0.999972	-1 "Total" 0	"Lost"     0 0 0	0 0 0
000271 1497272658913509 45.091457 1.091421	0 "Flow 0" 0.098	"Sent"     0 0 0	0 0 0
000272 1497272658913509 45.091457 1.091421	0 "Flow 0" 0.098	"Received" 735698600 525499 466912	15929200 11378 11636
000273 1497272658913509 45.091457 1.091421	0 "Flow 0" 0.098	"Lost"     0 0 0	0 0 0
000274 1497272658913509 45.091457 1.091421	-1 "Total" 0	"Sent"     0 0 0	0 0 0
000275 1497272658913509 45.091457 1.091421	-1 "Total" 0	"Received" 735698600 525499 466912	15929200 11378 11636
000276 1497272658913509 45.091457 1.091421	-1 "Total" 0	"Lost"     0 0 0	0 0 0
000277 1497272659822058 46.000006 0.908549	0 "Flow 0" 0.130	"Sent"     0 0 0	0 0 0
000278 1497272659822058 46.000006 0.908549	0 "Flow 0" 0.130	"Received" 752749200 537678 479533	17050600 12179 12621
000279 1497272659822058 46.000006 0.908549	0 "Flow 0" 0.130	"Lost"     0 0 0	0 0 0
000280 1497272659822058 46.000006 0.908549	-1 "Total" 0	"Sent"     0 0 0	0 0 0
000281 1497272659822058 46.000006 0.908549	-1 "Total" 0	"Received" 752749200 537678 479533	17050600 12179 12621
000282 1497272659822058 46.000006 0.908549	-1 "Total" 0	"Lost"     0 0 0	0 0 0
000283 1497272660822476 47.000424 1.000418	0 "Flow 0" 0.126	"Sent"     0 0 0	0 0 0
000284 1497272660822476 47.000424 1.000418	0 "Flow 0" 0.126	"Received" 767782400 548416 491728	15033200 10738 12195
000285 1497272660822476 47.000424 1.000418	0 "Flow 0" 0.126	"Lost"     0 0 0	0 0 0
000286 1497272660822476 47.000424 1.000418	-1 "Total" 0	"Sent"     0 0 0	0 0 0
000287 1497272660822476 47.000424 1.000418	-1 "Total" 0	"Received" 767782400 548416 491728	15033200 10738 12195
000288 1497272660822476 47.000424 1.000418	-1 "Total" 0	"Lost"     0 0 0	0 0 0
000289 1497272661822168 48.000116 0.999692	0 "Flow 0" 0.117	"Sent"     0 0 0	0 0 0
000290 1497272661822168 48.000116 0.999692	0 "Flow 0" 0.117	"Received" 785198400 560856 503555	17416000 12440 11827
000291 1497272661822168 48.000116 0.999692	0 "Flow 0" 0.117	"Lost"     0 0 0	0 0 0
000292 1497272661822168 48.000116 0.999692	-1 "Total" 0	"Sent"     0 0 0	0 0 0
000293 1497272661822168 48.000116 0.999692	-1 "Total" 0	"Received" 785198400 560856 503555	17416000 12440 11827
000294 1497272661822168 48.000116 0.999692	-1 "Total" 0	"Lost"     0 0 0	0 0 0
000295 1497272662822186 49.000134 1.000018	0 "Flow 0" 0.063	"Sent"     0 0 0	0 0 0
000296 1497272662822186 49.000134 1.000018	0 "Flow 0" 0.063	"Received" 803539800 573957 514121	18341400 13101 10566
000297 1497272662822186 49.000134 1.000018	0 "Flow 0" 0.063	"Lost"     0 0 0	0 0 0
000298 1497272662822186 49.000134 1.000018	-1 "Total" 0	"Sent"     0 0 0	0 0 0
000299 1497272662822186 49.000134 1.000018	-1 "Total" 0	"Received" 803539800 573957 514121	18341400 13101 10566
000300 1497272662822186 49.000134 1.000018	-1 "Total" 0	"Lost"     0 0 0	0 0 0
000301 1497272663822202 50.000150 1.000016	0 "Flow 0" 0.113	"Sent"     0 0 0	0 0 0
000302 1497272663822202 50.000150 1.000016	0 "Flow 0" 0.113	"Received" 819512400 585366 525499	15972600 11409 11378
000303 1497272663822202 50.000150 1.000016	0 "Flow 0" 0.113	"Lost"     0 0 0	0 0 0
000304 1497272663822202 50.000150 1.000016	-1 "Total" 0	"Sent"     0 0 0	0 0 0
000305 1497272663822202 50.000150 1.000016	-1 "Total" 0	"Received" 819512400 585366 525499	15972600 11409 11378
000306 1497272663822202 50.000150 1.000016	-1 "Total" 0	"Lost"     0 0 0	0 0 0
000307 1497272664822269 51.000217 1.000067	0 "Flow 0" 0.026	"Sent"     0 0 0	0 0 0
000308 1497272664822269 51.000217 1.000067	0 "Flow 0" 0.026	"Received" 836021200 597158 537677	16508800 11792 12178
000309 1497272664822269 51.000217 1.000067	0 "Flow 0" 0.026	"Lost"     0 0 0	0 0 0
000310 1497272664822269 51.000217 1.000067	-1 "Total" 0	"Sent"     0 0 0	0 0 0
000311 1497272664822269 51.000217 1.000067	-1 "Total" 0	"Received" 836021200 597158 537677	16508800 11792 12178
000312 1497272664822269 51.000217 1.000067	-1 "Total" 0	"Lost"     0 0 0	0 0 0
000313 1497272665822077 52.000025 0.999808	0 "Flow 0" 0.103	"Sent"     0 0 0	0 0 0
000314 1497272665822077 52.000025 0.999808	0 "Flow 0" 0.103	"Received" 851547200 608248 548416	15526000 11090 10739
000315 1497272665822077 52.000025 0.999808	0 "Flow 0" 0.103	"Lost"     0 0 0	0 0 0
000316 1497272665822077 52.000025 0.999808	-1 "Total" 0	"Sent"     0 0 0	0 0 0
000317 1497272665822077 52.000025 0.999808	-1 "Total" 0	"Received" 851547200 608248 548416	15526000 11090 10739
000318 1497272665822077 52.000025 0.999808	-1 "Total" 0	"Lost"     0 0 0	0 0 0
000319 1497272666822100 53.000048 1.000023	0 "Flow 0" 0.028	"Sent"     0 0 0	0 0 0
000320 1497272666822100 53.000048 1.000023	0 "Flow 0" 0.028	"Received" 867575800 619697 560856	16028600 11449 12440
000321 1497272666822100 53.000048 1.000023	0 "Flow 0" 0.028	"Lost"     0 0 0	0 0 0
000322 1497272666822100 53.000048 1.000023	-1 "Total" 0	"Sent"     0 0 0	0 0 0
000323 1497272666822100 53.000048 1.000023	-1 "Total" 0	"Received" 867575800 619697 560856	16028600 11449 12440
000324 1497272666822100 53.000048 1.000023	-1 "Total" 0	"Lost"     0 0 0	0 0 0
000325 1497272667822055 54.000003 0.999955	0 "Flow 0" 0.038	"Sent"     0 0 0	0 0 0
000326 1497272667822055 54.000003 0.999955	0 "Flow 0" 0.038	"Received" 884191000 631565 573957	16615200 11868 13101
000327 1497272667822055 54.000003 0.999955	0 "Flow 0" 0.038	"Lost"     0 0 0	0 0 0
000328 1497272667822055 54.000003 0.999955	-1 "Total" 0	"Sent"     0 0 0	0 0 0
000329 1497272667822055 54.000003 0.999955	-1 "Total" 0	"Received" 884191000 631565 573957	16615200 11868 13101
000330 1497272667822055 54.000003 0.999955	-1 "Total" 0	"Lost"     0 0 0	0 0 0
000331 1497272668822055 55.000003 1.000000	0 "Flow 0" 0.085	"Sent"     0 0 0	0 0 0
000332 1497272668822055 55.000003 1.000000	0 "Flow 0" 0.085	"Received" 902417600 644584 585366	18226600 13019 11409
000333 1497272668822055 55.000003 1.000000	0 "Flow 0" 0.085	"Lost"     0 0 0	0 0 0
000334 1497272668822055 55.000003 1.000000	-1 "Total" 0	"Sent"     0 0 0	0 0 0
000335 1497272668822055 55.000003 1.000000	-1 "Total" 0	"Received" 902417600 644584 585366	18226600 13019 11409
000336 1497272668822055 55.000003 1.000000	-1 "Total" 0	"Lost"     0 0 0	0 0 0
000337 1497272669822272 56.000220 1.000217	0 "Flow 0" 0.115	"Sent"     0 0 0	0 0 0
000338 1497272669822272 56.000220 1.000217	0 "Flow 0" 0.115	"Received" 921855200 658468 597158	19437600 13884 11792
000339 1497272669822272 56.000220 1.000217	0 "Flow 0" 0.115	"Lost"     0 0 0	0 0 0
000340 1497272669822272 56.000220 1.000217	-1 "Total" 0	"Sent"     0 0 0	0 0 0
000341 1497272669822272 56.000220 1.000217	-1 "Total" 0	"Received" 921855200 658468 597158	19437600 13884 11792
000342 1497272669822272 56.000220 1.000217	-1 "Total" 0	"Lost"     0 0 0	0 0 0
000343 1497272670842577 57.020525 1.020305	0 "Flow 0" 0.074	"Sent"     0 0 0	0 0 0
000344 1497272670842577 57.020525 1.020305	0 "Flow 0" 0.074	"Received" 938672000 670480 607099	16816800 12012 9941
000345 1497272670842577 57.020525 1.020305	0 "Flow 0" 0.074	"Lost"     0 0 0	0 0 0
000346 1497272670842577 57.020525 1.020305	-1 "Total" 0	"Sent"     0 0 0	0 0 0
000347 1497272670842577 57.020525 1.020305	-1 "Total" 0	"Received" 938672000 670480 607099	16816800 12012 9941
000348 1497272670842577 57.020525 1.020305	-1 "Total" 0	"Lost"     0 0 0	0 0 0
000349 1497272671822173 58.000121 0.979596	0 "Flow 0" 0.057	"Sent"     0 0 0	0 0 0
000350 1497272671822173 58.000121 0.979596	0 "Flow 0" 0.057	"Received" 958014400 684296 619682	19342400 13816 12583
000351 1497272671822173 58.000121 0.979596	0 "Flow 0" 0.057	"Lost"     0 0 0	0 0 0
000352 1497272671822173 58.000121 0.979596	-1 "Total" 0	"Sent"     0 0 0	0 0 0
000353 1497272671822173 58.000121 0.979596	-1 "Total" 0	"Received" 958014400 684296 619682	19342400 13816 12583
000354 1497272671822173 58.000121 0.979596	-1 "Total" 0	"Lost"     0 0 0	0 0 0
000355 1497272672822056 59.000004 0.999883	0 "Flow 0" 0.131	"Sent"     0 0 0	0 0 0
000356 1497272672822056 59.000004 0.999883	0 "Flow 0" 0.131	"Received" 976312400 697366 631565	18298000 13070 11883
000357 1497272672822056 59.000004 0.999883	0 "Flow 0" 0.131	"Lost"     0 0 0	0 0 0
000358 1497272672822056 59.000004 0.999883	-1 "Total" 0	"Sent"     0 0 0	0 0 0
000359 1497272672822056 59.000004 0.999883	-1 "Total" 0	"Received" 976312400 697366 631565	18298000 13070 11883
000360 1497272672822056 59.000004 0.999883	-1 "Total" 0	"Lost"     0 0 0	0 0 0
000361 1497272673822106 60.000054 1.000050	0 "Flow 0" 0.120	"Sent"     0 0 0	0 0 0
000362 1497272673822106 60.000054 1.000050	0 "Flow 0" 0.120	"Received" 992266800 708762 644583	15954400 11396 13018
000363 1497272673822106 60.000054 1.000050	0 "Flow 0" 0.120	"Lost"     0 0 0	0 0 0
000364 1497272673822106 60.000054 1.000050	-1 "Total" 0	"Sent"     0 0 0	0 0 0
000365 1497272673822106 60.000054 1.000050	-1 "Total" 0	"Received" 992266800 708762 644583	15954400 11396 13018
000366 1497272673822106 60.000054 1.000050	-1 "Total" 0	"Lost"     0 0 0	0 0 0
000367 1497272674822061 61.000009 0.999955	0 "Flow 0" 0.114	"Sent"     0 0 0	0 0 0
000368 1497272674822061 61.000009 0.999955	0 "Flow 0" 0.114	"Received" 1002562400 716116 658467	10295600 7354 13884
000369 1497272674822061 61.000009 0.999955	0 "Flow 0" 0.114	"Lost"     0 0 0	0 0 0
000370 1497272674822061 61.000009 0.999955	-1 "Total" 0	"Sent"     0 0 0	0 0 0
000371 1497272674822061 61.000009 0.999955	-1 "Total" 0	"Received" 1002562400 716116 658467	10295600 7354 13884
000372 1497272674822061 61.000009 0.999955	-1 "Total" 0	"Lost"     0 0 0	0 0 0
000373 1497272675822124 62.000072 1.000063	0 "Flow 0" 0.113	"Sent"     0 0 0	0 0 0
000374 1497272675822124 62.000072 1.000063	0 "Flow 0" 0.113	"Received" 1013868800 724192 670480	11306400 8076 12013
000375 1497272675822124 62.000072 1.000063	0 "Flow 0" 0.113	"Lost"     0 0 0	0 0 0
000376 1497272675822124 62.000072 1.000063	-1 "Total" 0	"Sent"     0 0 0	0 0 0
000377 1497272675822124 62.000072 1.000063	-1 "Total" 0	"Received" 1013868800 724192 670480	11306400 8076 12013
000378 1497272675822124 62.000072 1.000063	-1 "Total" 0	"Lost"     0 0 0	0 0 0
000379 1497272676822309 63.000257 1.000185	0 "Flow 0" 0.111	"Sent"     0 0 0	0 0 0
000380 1497272676822309 63.000257 1.000185	0 "Flow 0" 0.111	"Received" 1024506000 731790 684296	10637200 7598 13816
000381 1497272676822309 63.000257 1.000185	0 "Flow 0" 0.111	"Lost"     0 0 0	0 0 0
000382 1497272676822309 63.000257 1.000185	-1 "Total" 0	"Sent"     0 0 0	0 0 0
000383 1497272676822309 63.000257 1.000185	-1 "Total" 0	"Received" 1024506000 731790 684296	10637200 7598 13816
000384 1497272676822309 63.000257 1.000185	-1 "Total" 0	"Lost"     0 0 0	0 0 0
000385 1497272677822136 64.000084 0.999827	0 "Flow 0" 0.112	"Sent"     0 0 0	0 0 0
000386 1497272677822136 64.000084 0.999827	0 "Flow 0" 0.112	"Received" 1035882400 739916 697364	11376400 8126 13068
000387 1497272677822136 64.000084 0.999827	0 "Flow 0" 0.112	"Lost"     0 0 0	0 0 0
000388 1497272677822136 64.000084 0.999827	-1 "Total" 0	"Sent"     0 0 0	0 0 0
000389 1497272677822136 64.000084 0.999827	-1 "Total" 0	"Received" 1035882400 739916 697364	11376400 8126 13068
000390 1497272677822136 64.000084 0.999827	-1 "Total" 0	"Lost"     0 0 0	0 0 0
000391 1497272678822123 65.000071 0.999987	0 "Flow 0" 0.110	"Sent"     0 0 0	0 0 0
000392 1497272678822123 65.000071 0.999987	0 "Flow 0" 0.110	"Received" 1046799600 747714 708759	10917200 7798 11395
000393 1497272678822123 65.000071 0.999987	0 "Flow 0" 0.110	"Lost"     0 0 0	0 0 0
000394 1497272678822123 65.000071 0.999987	-1 "Total" 0	"Sent"     0 0 0	0 0 0
000395 1497272678822123 65.000071 0.999987	-1 "Total" 0	"Received" 1046799600 747714 708759	10917200 7798 11395
000396 1497272678822123 65.000071 0.999987	-1 "Total" 0	"Lost"     0 0 0	0 0 0
000397 1497272679822244 66.000192 1.000121	0 "Flow 0" 0.112	"Sent"     0 0 0	0 0 0
000398 1497272679822244 66.000192 1.000121	0 "Flow 0" 0.112	"Received" 1058180200 755843 716116	11380600 8129 7357
000399 1497272679822244 66.000192 1.000121	0 "Flow 0" 0.112	"Lost"     0 0 0	0 0 0
000400 1497272679822244 66.000192 1.000121	-1 "Total" 0	"Sent"     0 0 0	0 0 0
000401 1497272679822244 66.000192 1.000121	-1 "Total" 0	"Received" 1058180200 755843 716116	11380600 8129 7357
000402 1497272679822244 66.000192 1.000121	-1 "Total" 0	"Lost"     0 0 0	0 0 0
000403 1497272680822198 67.000146 0.999954	0 "Flow 0" 0.113	"Sent"     0 0 0	0 0 0
000404 1497272680822198 67.000146 0.999954	0 "Flow 0" 0.113	"Received" 1069180000 763700 724192	10999800 7857 8076
000405 1497272680822198 67.000146 0.999954	0 "Flow 0" 0.113	"Lost"     0 0 0	0 0 0
000406 1497272680822198 67.000146 0.999954	-1 "Total" 0	"Sent"     0 0 0	0 0 0
000407 1497272680822198 67.000146 0.999954	-1 "Total" 0	"Received" 1069180000 763700 724192	10999800 7857 8076
000408 1497272680822198 67.000146 0.999954	-1 "Total" 0	"Lost"     0 0 0	0 0 0
000409 1497272681822314 68.000262 1.000116	0 "Flow 0" 0.113	"Sent"     0 0 0	0 0 0
000410 1497272681822314 68.000262 1.000116	0 "Flow 0" 0.113	"Received" 1080559200 771828 731790	11379200 8128 7598
000411 1497272681822314 68.000262 1.000116	0 "Flow 0" 0.113	"Lost"     0 0 0	0 0 0
000412 1497272681822314 68.000262 1.000116	-1 "Total" 0	"Sent"     0 0 0	0 0 0
000413 1497272681822314 68.000262 1.000116	-1 "Total" 0	"Received" 1080559200 771828 731790	11379200 8128 7598
000414 1497272681822314 68.000262 1.000116	-1 "Total" 0	"Lost"     0 0 0	0 0 0
000415 1497272682822174 69.000122 0.999860	0 "Flow 0" 0.116	"Sent"     0 0 0	0 0 0
000416 1497272682822174 69.000122 0.999860	0 "Flow 0" 0.116	"Received" 1091624800 779732 739916	11065600 7904 8126
000417 1497272682822174 69.000122 0.999860	0 "Flow 0" 0.116	"Lost"     0 0 0	0 0 0
000418 1497272682822174 69.000122 0.999860	-1 "Total" 0	"Sent"     0 0 0	0 0 0
000419 1497272682822174 69.000122 0.999860	-1 "Total" 0	"Received" 1091624800 779732 739916	11065600 7904 8126
000420 1497272682822174 69.000122 0.999860	-1 "Total" 0	"Lost"     0 0 0	0 0 0
000421 1497272683822365 70.000313 1.000191	0 "Flow 0" 0.107	"Sent"     0 0 0	0 0 0
000422 1497272683822365 70.000313 1.000191	0 "Flow 0" 0.107	"Received" 1102763200 787688 747714	11138400 7956 7798
000423 1497272683822365 70.000313 1.000191	0 "Flow 0" 0.107	"Lost"     0 0 0	0 0 0
000424 1497272683822365 70.000313 1.000191	-1 "Total" 0	"Sent"     0 0 0	0 0 0
000425 1497272683822365 70.000313 1.000191	-1 "Total" 0	"Received" 1102763200 787688 747714	11138400 7956 7798
000426 1497272683822365 70.000313 1.000191	-1 "Total" 0	"Lost"     0 0 0	0 0 0
000427 1497272684822283 71.000231 0.999918	0 "Flow 0" 3.022	"Sent"     0 0 0	0 0 0
000428 1497272684822283 71.000231 0.999918	0 "Flow 0" 3.022	"Received" 1114142400 795816 755843	11379200 8128 8129
000429 1497272684822283 71.000231 0.999918	0 "Flow 0" 3.022	"Lost"     0 0 0	0 0 0
000430 1497272684822283 71.000231 0.999918	-1 "Total" 0	"Sent"     0 0 0	0 0 0
000431 1497272684822283 71.000231 0.999918	-1 "Total" 0	"Received" 1114142400 795816 755843	11379200 8128 8129
000432 1497272684822283 71.000231 0.999918	-1 "Total" 0	"Lost"     0 0 0	0 0 0
000433 1497272685822366 72.000314 1.000083	0 "Flow 0" 0.107	"Sent"     0 0 0	0 0 0
000434 1497272685822366 72.000314 1.000083	0 "Flow 0" 0.107	"Received" 1125443200 803888 763700	11300800 8072 7857
000435 1497272685822366 72.000314 1.000083	0 "Flow 0" 0.107	"Lost"     0 0 0	0 0 0
000436 1497272685822366 72.000314 1.000083	-1 "Total" 0	"Sent"     0 0 0	0 0 0
000437 1497272685822366 72.000314 1.000083	-1 "Total" 0	"Received" 1125443200 803888 763700	11300800 8072 7857
000438 1497272685822366 72.000314 1.000083	-1 "Total" 0	"Lost"     0 0 0	0 0 0
000439 1497272686822140 73.000088 0.999774	0 "Flow 0" 0.117	"Sent"     0 0 0	0 0 0
000440 1497272686822140 73.000088 0.999774	0 "Flow 0" 0.117	"Received" 1136011800 811437 771828	10568600 7549 8128
000441 1497272686822140 73.000088 0.999774	0 "Flow 0" 0.117	"Lost"     0 0 0	0 0 0
000442 1497272686822140 73.000088 0.999774	-1 "Total" 0	"Sent"     0 0 0	0 0 0
000443 1497272686822140 73.000088 0.999774	-1 "Total" 0	"Received" 1136011800 811437 771828	10568600 7549 8128
000444 1497272686822140 73.000088 0.999774	-1 "Total" 0	"Lost"     0 0 0	0 0 0
000445 1497272687822065 74.000013 0.999925	0 "Flow 0" 0.111	"Sent"     0 0 0	0 0 0
000446 1497272687822065 74.000013 0.999925	0 "Flow 0" 0.111	"Received" 1146511800 818937 779730	10500000 7500 7902
000447 1497272687822065 74.000013 0.999925	0 "Flow 0" 0.111	"Lost"     0 0 0	0 0 0
000448 1497272687822065 74.000013 0.999925	-1 "Total" 0	"Sent"     0 0 0	0 0 0
000449 1497272687822065 74.000013 0.999925	-1 "Total" 0	"Received" 1146511800 818937 779730	10500000 7500 7902
000450 1497272687822065 74.000013 0.999925	-1 "Total" 0	"Lost"     0 0 0	0 0 0
000451 1497272688822140 75.000088 1.000075	0 "Flow 0" 0.111	"Sent"     0 0 0	0 0 0
000452 1497272688822140 75.000088 1.000075	0 "Flow 0" 0.111	"Received" 1157889600 827064 787684	11377800 8127 7954
000453 1497272688822140 75.000088 1.000075	0 "Flow 0" 0.111	"Lost"     0 0 0	0 0 0
000454 1497272688822140 75.000088 1.000075	-1 "Total" 0	"Sent"     0 0 0	0 0 0
000455 1497272688822140 75.000088 1.000075	-1 "Total" 0	"Received" 1157889600 827064 787684	11377800 8127 7954
000456 1497272688822140 75.000088 1.000075	-1 "Total" 0	"Lost"     0 0 0	0 0 0
000457 1497272689822053 76.000001 0.999913	0 "Flow 0" 0.114	"Sent"     0 0 0	0 0 0
000458 1497272689822053 76.000001 0.999913	0 "Flow 0" 0.114	"Received" 1168834800 834882 795816	10945200 7818 8132
000459 1497272689822053 76.000001 0.999913	0 "Flow 0" 0.114	"Lost"     0 0 0	0 0 0
000460 1497272689822053 76.000001 0.999913	-1 "Total" 0	"Sent"     0 0 0	0 0 0
000461 1497272689822053 76.000001 0.999913	-1 "Total" 0	"Received" 1168834800 834882 795816	10945200 7818 8132
000462 1497272689822053 76.000001 0.999913	-1 "Total" 0	"Lost"     0 0 0	0 0 0
000463 1497272690822161 77.000109 1.000108	0 "Flow 0" 0.115	"Sent"     0 0 0	0 0 0
000464 1497272690822161 77.000109 1.000108	0 "Flow 0" 0.115	"Received" 1180211200 843008 803887	11376400 8126 8071
000465 1497272690822161 77.000109 1.000108	0 "Flow 0" 0.115	"Lost"     0 0 0	0 0 0
000466 1497272690822161 77.000109 1.000108	-1 "Total" 0	"Sent"     0 0 0	0 0 0
000467 1497272690822161 77.000109 1.000108	-1 "Total" 0	"Received" 1180211200 843008 803887	11376400 8126 8071
000468 1497272690822161 77.000109 1.000108	-1 "Total" 0	"Lost"     0 0 0	0 0 0
000469 1497272691822100 78.000048 0.999939	0 "Flow 0" 0.114	"Sent"     0 0 0	0 0 0
000470 1497272691822100 78.000048 0.999939	0 "Flow 0" 0.114	"Received" 1191237600 850884 811434	11026400 7876 7547
000471 1497272691822100 78.000048 0.999939	0 "Flow 0" 0.114	"Lost"     0 0 0	0 0 0
000472 1497272691822100 78.000048 0.999939	-1 "Total" 0	"Sent"     0 0 0	0 0 0
000473 1497272691822100 78.000048 0.999939	-1 "Total" 0	"Received" 1191237600 850884 811434	11026400 7876 7547
000474 1497272691822100 78.000048 0.999939	-1 "Total" 0	"Lost"     0 0 0	0 0 0
000475 1497272692822100 79.000048 1.000000	0 "Flow 0" 0.109	"Sent"     0 0 0	0 0 0
000476 1497272692822100 79.000048 1.000000	0 "Flow 0" 0.109	"Received" 1202614000 859010 818935	11376400 8126 7501
000477 1497272692822100 79.000048 1.000000	0 "Flow 0" 0.109	"Lost"     0 0 0	0 0 0
000478 1497272692822100 79.000048 1.000000	-1 "Total" 0	"Sent"     0 0 0	0 0 0
000479 1497272692822100 79.000048 1.000000	-1 "Total" 0	"Received" 1202614000 859010 818935	11376400 8126 7501
000480 1497272692822100 79.000048 1.000000	-1 "Total" 0	"Lost"     0 0 0	0 0 0
000481 1497272693822077 80.000025 0.999977	0 "Flow 0" 0.109	"Sent"     0 0 0	0 0 0
000482 1497272693822077 80.000025 0.999977	0 "Flow 0" 0.109	"Received" 1213696400 866926 827061	11082400 7916 8126
000483 1497272693822077 80.000025 0.999977	0 "Flow 0" 0.109	"Lost"     0 0 0	0 0 0
000484 1497272693822077 80.000025 0.999977	-1 "Total" 0	"Sent"     0 0 0	0 0 0
000485 1497272693822077 80.000025 0.999977	-1 "Total" 0	"Received" 1213696400 866926 827061	11082400 7916 8126
000486 1497272693822077 80.000025 0.999977	-1 "Total" 0	"Lost"     0 0 0	0 0 0
000487 1497272694822224 81.000172 1.000147	0 "Flow 0" 0.115	"Sent"     0 0 0	0 0 0
000488 1497272694822224 81.000172 1.000147	0 "Flow 0" 0.115	"Received" 1224855800 874897 834880	11159400 7971 7819
000489 1497272694822224 81.000172 1.000147	0 "Flow 0" 0.115	"Lost"     0 0 0	0 0 0
000490 1497272694822224 81.000172 1.000147	-1 "Total" 0	"Sent"     0 0 0	0 0 0
000491 1497272694822224 81.000172 1.000147	-1 "Total" 0	"Received" 1224855800 874897 834880	11159400 7971 7819
000492 1497272694822224 81.000172 1.000147	-1 "Total" 0	"Lost"     0 0 0	0 0 0
000493 1497272695822052 82.000000 0.999828	0 "Flow 0" 0.122	"Sent"     0 0 0	0 0 0
000494 1497272695822052 82.000000 0.999828	0 "Flow 0" 0.122	"Received" 1236233600 883024 843008	11377800 8127 8128
000495 1497272695822052 82.000000 0.999828	0 "Flow 0" 0.122	"Lost"     0 0 0	0 0 0
000496 1497272695822052 82.000000 0.999828	-1 "Total" 0	"Sent"     0 0 0	0 0 0
000497 1497272695822052 82.000000 0.999828	-1 "Total" 0	"Received" 1236233600 883024 843008	11377800 8127 8128
000498 1497272695822052 82.000000 0.999828	-1 "Total" 0	"Lost"     0 0 0	0 0 0
000499 1497272696822072 83.000020 1.000020	0 "Flow 0" 0.855	"Sent"     0 0 0	0 0 0
000500 1497272696822072 83.000020 1.000020	0 "Flow 0" 0.855	"Received" 1247458800 891042 850882	11225200 8018 7874
000501 1497272696822072 83.000020 1.000020	0 "Flow 0" 0.855	"Lost"     0 0 0	0 0 0
000502 1497272696822072 83.000020 1.000020	-1 "Total" 0	"Sent"     0 0 0	0 0 0
000503 1497272696822072 83.000020 1.000020	-1 "Total" 0	"Received" 1247458800 891042 850882	11225200 8018 7874
000504 1497272696822072 83.000020 1.000020	-1 "Total" 0	"Lost"     0 0 0	0 0 0
000505 1497272697822255 84.000203 1.000183	0 "Flow 0" 0.107	"Sent"     0 0 0	0 0 0
000506 1497272697822255 84.000203 1.000183	0 "Flow 0" 0.107	"Received" 1258838000 899170 859010	11379200 8128 8128
000507 1497272697822255 84.000203 1.000183	0 "Flow 0" 0.107	"Lost"     0 0 0	0 0 0
000508 1497272697822255 84.000203 1.000183	-1 "Total" 0	"Sent"     0 0 0	0 0 0
000509 1497272697822255 84.000203 1.000183	-1 "Total" 0	"Received" 1258838000 899170 859010	11379200 8128 8128
000510 1497272697822255 84.000203 1.000183	-1 "Total" 0	"Lost"     0 0 0	0 0 0
000511 1497272698822107 85.000055 0.999852	0 "Flow 0" 0.127	"Sent"     0 0 0	0 0 0
000512 1497272698822107 85.000055 0.999852	0 "Flow 0" 0.127	"Received" 1270161200 907258 866926	11323200 8088 7916
000513 1497272698822107 85.000055 0.999852	0 "Flow 0" 0.127	"Lost"     0 0 0	0 0 0
000514 1497272698822107 85.000055 0.999852	-1 "Total" 0	"Sent"     0 0 0	0 0 0
000515 1497272698822107 85.000055 0.999852	-1 "Total" 0	"Received" 1270161200 907258 866926	11323200 8088 7916
000516 1497272698822107 85.000055 0.999852	-1 "Total" 0	"Lost"     0 0 0	0 0 0
000517 1497272699822352 86.000300 1.000245	0 "Flow 0" 0.106	"Sent"     0 0 0	0 0 0
000518 1497272699822352 86.000300 1.000245	0 "Flow 0" 0.106	"Received" 1281541800 915387 874896	11380600 8129 7970
000519 1497272699822352 86.000300 1.000245	0 "Flow 0" 0.106	"Lost"     0 0 0	0 0 0
000520 1497272699822352 86.000300 1.000245	-1 "Total" 0	"Sent"     0 0 0	0 0 0
000521 1497272699822352 86.000300 1.000245	-1 "Total" 0	"Received" 1281541800 915387 874896	11380600 8129 7970
000522 1497272699822352 86.000300 1.000245	-1 "Total" 0	"Lost"     0 0 0	0 0 0
000523 1497272700822160 87.000108 0.999808	0 "Flow 0" 0.114	"Sent"     0 0 0	0 0 0
000524 1497272700822160 87.000108 0.999808	0 "Flow 0" 0.114	"Received" 1292747400 923391 883023	11205600 8004 8127
000525 1497272700822160 87.000108 0.999808	0 "Flow 0" 0.114	"Lost"     0 0 0	0 0 0
000526 1497272700822160 87.000108 0.999808	-1 "Total" 0	"Sent"     0 0 0	0 0 0
000527 1497272700822160 87.000108 0.999808	-1 "Total" 0	"Received" 1292747400 923391 883023	11205600 8004 8127
000528 1497272700822160 87.000108 0.999808	-1 "Total" 0	"Lost"     0 0 0	0 0 0
000529 1497272701822116 88.000064 0.999956	0 "Flow 0" 0.108	"Sent"     0 0 0	0 0 0
000530 1497272701822116 88.000064 0.999956	0 "Flow 0" 0.108	"Received" 1304123800 931517 891041	11376400 8126 8018
000531 1497272701822116 88.000064 0.999956	0 "Flow 0" 0.108	"Lost"     0 0 0	0 0 0
000532 1497272701822116 88.000064 0.999956	-1 "Total" 0	"Sent"     0 0 0	0 0 0
000533 1497272701822116 88.000064 0.999956	-1 "Total" 0	"Received" 1304123800 931517 891041	11376400 8126 8018
000534 1497272701822116 88.000064 0.999956	-1 "Total" 0	"Lost"     0 0 0	0 0 0
000535 1497272702822119 89.000067 1.000003	0 "Flow 0" 0.107	"Sent"     0 0 0	0 0 0
000536 1497272702822119 89.000067 1.000003	0 "Flow 0" 0.107	"Received" 1315444200 939603 899166	11320400 8086 8125
000537 1497272702822119 89.000067 1.000003	0 "Flow 0" 0.107	"Lost"     0 0 0	0 0 0
000538 1497272702822119 89.000067 1.000003	-1 "Total" 0	"Sent"     0 0 0	0 0 0
000539 1497272702822119 89.000067 1.000003	-1 "Total" 0	"Received" 1315444200 939603 899166	11320400 8086 8125
000540 1497272702822119 89.000067 1.000003	-1 "Total" 0	"Lost"     0 0 0	0 0 0
000541 1497272703822055 90.000003 0.999936	0 "Flow 0" 0.108	"Sent"     0 0 0	0 0 0
000542 1497272703822055 90.000003 0.999936	0 "Flow 0" 0.108	"Received" 1326495800 947497 907257	11051600 7894 8091
000543 1497272703822055 90.000003 0.999936	0 "Flow 0" 0.108	"Lost"     0 0 0	0 0 0
000544 1497272703822055 90.000003 0.999936	-1 "Total" 0	"Sent"     0 0 0	0 0 0
000545 1497272703822055 90.000003 0.999936	-1 "Total" 0	"Received" 1326495800 947497 907257	11051600 7894 8091
000546 1497272703822055 90.000003 0.999936	-1 "Total" 0	"Lost"     0 0 0	0 0 0
000547 1497272704822233 91.000181 1.000178	0 "Flow 0" 4.398	"Sent"     0 0 0	0 0 0
000548 1497272704822233 91.000181 1.000178	0 "Flow 0" 4.398	"Received" 1337877800 955627 915387	11382000 8130 8130
000549 1497272704822233 91.000181 1.000178	0 "Flow 0" 4.398	"Lost"     0 0 0	0 0 0
000550 1497272704822233 91.000181 1.000178	-1 "Total" 0	"Sent"     0 0 0	0 0 0
000551 1497272704822233 91.000181 1.000178	-1 "Total" 0	"Received" 1337877800 955627 915387	11382000 8130 8130
000552 1497272704822233 91.000181 1.000178	-1 "Total" 0	"Lost"     0 0 0	0 0 0
000553 1497272705822174 92.000122 0.999941	0 "Flow 0" 0.158	"Sent"     0 0 0	0 0 0
000554 1497272705822174 92.000122 0.999941	0 "Flow 0" 0.158	"Received" 1348802000 963430 923389	10924200 7803 8002
000555 1497272705822174 92.000122 0.999941	0 "Flow 0" 0.158	"Lost"     0 0 0	0 0 0
000556 1497272705822174 92.000122 0.999941	-1 "Total" 0	"Sent"     0 0 0	0 0 0
000557 1497272705822174 92.000122 0.999941	-1 "Total" 0	"Received" 1348802000 963430 923389	10924200 7803 8002
000558 1497272705822174 92.000122 0.999941	-1 "Total" 0	"Lost"     0 0 0	0 0 0
000559 1497272706822136 93.000084 0.999962	0 "Flow 0" 0.113	"Sent"     0 0 0	0 0 0
000560 1497272706822136 93.000084 0.999962	0 "Flow 0" 0.113	"Received" 1360179800 971557 931517	11377800 8127 8128
000561 1497272706822136 93.000084 0.999962	0 "Flow 0" 0.113	"Lost"     0 0 0	0 0 0
000562 1497272706822136 93.000084 0.999962	-1 "Total" 0	"Sent"     0 0 0	0 0 0
000563 1497272706822136 93.000084 0.999962	-1 "Total" 0	"Received" 1360179800 971557 931517	11377800 8127 8128
000564 1497272706822136 93.000084 0.999962	-1 "Total" 0	"Lost"     0 0 0	0 0 0
000565 1497272707822140 94.000088 1.000004	0 "Flow 0" 0.112	"Sent"     0 0 0	0 0 0
000566 1497272707822140 94.000088 1.000004	0 "Flow 0" 0.112	"Received" 1371161400 979401 939603	10981600 7844 8086
000567 1497272707822140 94.000088 1.000004	0 "Flow 0" 0.112	"Lost"     0 0 0	0 0 0
000568 1497272707822140 94.000088 1.000004	-1 "Total" 0	"Sent"     0 0 0	0 0 0
000569 1497272707822140 94.000088 1.000004	-1 "Total" 0	"Received" 1371161400 979401 939603	10981600 7844 8086
000570 1497272707822140 94.000088 1.000004	-1 "Total" 0	"Lost"     0 0 0	0 0 0
000571 1497272708822089 95.000037 0.999949	0 "Flow 0" 0.111	"Sent"     0 0 0	0 0 0
000572 1497272708822089 95.000037 0.999949	0 "Flow 0" 0.111	"Received" 1382540600 987529 947497	11379200 8128 7894
000573 1497272708822089 95.000037 0.999949	0 "Flow 0" 0.111	"Lost"     0 0 0	0 0 0
000574 1497272708822089 95.000037 0.999949	-1 "Total" 0	"Sent"     0 0 0	0 0 0
000575 1497272708822089 95.000037 0.999949	-1 "Total" 0	"Received" 1382540600 987529 947497	11379200 8128 7894
000576 1497272708822089 95.000037 0.999949	-1 "Total" 0	"Lost"     0 0 0	0 0 0
000577 1497272709822107 96.000055 1.000018	0 "Flow 0" 0.112	"Sent"     0 0 0	0 0 0
000578 1497272709822107 96.000055 1.000018	0 "Flow 0" 0.112	"Received" 1393579600 995414 955625	11039000 7885 8128
000579 1497272709822107 96.000055 1.000018	0 "Flow 0" 0.112	"Lost"     0 0 0	0 0 0
000580 1497272709822107 96.000055 1.000018	-1 "Total" 0	"Sent"     0 0 0	0 0 0
000581 1497272709822107 96.000055 1.000018	-1 "Total" 0	"Received" 1393579600 995414 955625	11039000 7885 8128
000582 1497272709822107 96.000055 1.000018	-1 "Total" 0	"Lost"     0 0 0	0 0 0
000583 1497272710822055 97.000003 0.999948	0 "Flow 0" 0.113	"Sent"     0 0 0	0 0 0
000584 1497272710822055 97.000003 0.999948	0 "Flow 0" 0.113	"Received" 1404960200 1003543 963430	11380600 8129 7805
000585 1497272710822055 97.000003 0.999948	0 "Flow 0" 0.113	"Lost"     0 0 0	0 0 0
000586 1497272710822055 97.000003 0.999948	-1 "Total" 0	"Sent"     0 0 0	0 0 0
000587 1497272710822055 97.000003 0.999948	-1 "Total" 0	"Received" 1404960200 1003543 963430	11380600 8129 7805
000588 1497272710822055 97.000003 0.999948	-1 "Total" 0	"Lost"     0 0 0	0 0 0
000589 1497272711822067 98.000015 1.000012	0 "Flow 0" 0.120	"Sent"     0 0 0	0 0 0
000590 1497272711822067 98.000015 1.000012	0 "Flow 0" 0.120	"Received" 1416076200 1011483 971557	11116000 7940 8127
000591 1497272711822067 98.000015 1.000012	0 "Flow 0" 0.120	"Lost"     0 0 0	0 0 0
000592 1497272711822067 98.000015 1.000012	-1 "Total" 0	"Sent"     0 0 0	0 0 0
000593 1497272711822067 98.000015 1.000012	-1 "Total" 0	"Received" 1416076200 1011483 971557	11116000 7940 8127
000594 1497272711822067 98.000015 1.000012	-1 "Total" 0	"Lost"     0 0 0	0 0 0
000595 1497272712822062 99.000010 0.999995	0 "Flow 0" 0.127	"Sent"     0 0 0	0 0 0
000596 1497272712822062 99.000010 0.999995	0 "Flow 0" 0.127	"Received" 1427069000 1019335 979401	10992800 7852 7844
000597 1497272712822062 99.000010 0.999995	0 "Flow 0" 0.127	"Lost"     0 0 0	0 0 0
000598 1497272712822062 99.000010 0.999995	-1 "Total" 0	"Sent"     0 0 0	0 0 0
000599 1497272712822062 99.000010 0.999995	-1 "Total" 0	"Received" 1427069000 1019335 979401	10992800 7852 7844
000600 1497272712822062 99.000010 0.999995	-1 "Total" 0	"Lost"     0 0 0	0 0 0
000601 1497272713822231 100.000179 1.000169	0 "Flow 0" 0.112	"Sent"     0 0 0	0 0 0
000602 1497272713822231 100.000179 1.000169	0 "Flow 0" 0.112	"Received" 1438449600 1027464 987526	11380600 8129 8125
000603 1497272713822231 100.000179 1.000169	0 "Flow 0" 0.112	"Lost"     0 0 0	0 0 0
000604 1497272713822231 100.000179 1.000169	-1 "Total" 0	"Sent"     0 0 0	0 0 0
000605 1497272713822231 100.000179 1.000169	-1 "Total" 0	"Received" 1438449600 1027464 987526	11380600 8129 8125
000606 1497272713822231 100.000179 1.000169	-1 "Total" 0	"Lost"     0 0 0	0 0 0
000607 1497272714822063 101.000011 0.999832	0 "Flow 0" 0.444	"Sent"     0 0 0	0 0 0
000608 1497272714822063 101.000011 0.999832	0 "Flow 0" 0.444	"Received" 1449550200 1035393 995412	11100600 7929 7886
000609 1497272714822063 101.000011 0.999832	0 "Flow 0" 0.444	"Lost"     0 0 0	0 0 0
000610 1497272714822063 101.000011 0.999832	-1 "Total" 0	"Sent"     0 0 0	0 0 0
000611 1497272714822063 101.000011 0.999832	-1 "Total" 0	"Received" 1449550200 1035393 995412	11100600 7929 7886
000612 1497272714822063 101.000011 0.999832	-1 "Total" 0	"Lost"     0 0 0	0 0 0
000613 1497272715822137 102.000085 1.000074	0 "Flow 0" 0.108	"Sent"     0 0 0	0 0 0
000614 1497272715822137 102.000085 1.000074	0 "Flow 0" 0.108	"Received" 1460928000 1043520 1003540	11377800 8127 8128
000615 1497272715822137 102.000085 1.000074	0 "Flow 0" 0.108	"Lost"     0 0 0	0 0 0
000616 1497272715822137 102.000085 1.000074	-1 "Total" 0	"Sent"     0 0 0	0 0 0
000617 1497272715822137 102.000085 1.000074	-1 "Total" 0	"Received" 1460928000 1043520 1003540	11377800 8127 8128
000618 1497272715822137 102.000085 1.000074	-1 "Total" 0	"Lost"     0 0 0	0 0 0
000619 1497272716822234 103.000182 1.000097	0 "Flow 0" 0.107	"Sent"     0 0 0	0 0 0
000620 1497272716822234 103.000182 1.000097	0 "Flow 0" 0.107	"Received" 1472048200 1051463 1011482	11120200 7943 7942
000621 1497272716822234 103.000182 1.000097	0 "Flow 0" 0.107	"Lost"     0 0 0	0 0 0
000622 1497272716822234 103.000182 1.000097	-1 "Total" 0	"Sent"     0 0 0	0 0 0
000623 1497272716822234 103.000182 1.000097	-1 "Total" 0	"Received" 1472048200 1051463 1011482	11120200 7943 7942
000624 1497272716822234 103.000182 1.000097	-1 "Total" 0	"Lost"     0 0 0	0 0 0
000625 1497272717822115 104.000063 0.999881	0 "Flow 0" 0.114	"Sent"     0 0 0	0 0 0
000626 1497272717822115 104.000063 0.999881	0 "Flow 0" 0.114	"Received" 1483426000 1059590 1019334	11377800 8127 7852
000627 1497272717822115 104.000063 0.999881	0 "Flow 0" 0.114	"Lost"     0 0 0	0 0 0
000628 1497272717822115 104.000063 0.999881	-1 "Total" 0	"Sent"     0 0 0	0 0 0
000629 1497272717822115 104.000063 0.999881	-1 "Total" 0	"Received" 1483426000 1059590 1019334	11377800 8127 7852
000630 1497272717822115 104.000063 0.999881	-1 "Total" 0	"Lost"     0 0 0	0 0 0
000631 1497272718822057 105.000005 0.999942	0 "Flow 0" 0.113	"Sent"     0 0 0	0 0 0
000632 1497272718822057 105.000005 0.999942	0 "Flow 0" 0.113	"Received" 1494544800 1067532 1027461	11118800 7942 8127
000633 1497272718822057 105.000005 0.999942	0 "Flow 0" 0.113	"Lost"     0 0 0	0 0 0
000634 1497272718822057 105.000005 0.999942	-1 "Total" 0	"Sent"     0 0 0	0 0 0
000635 1497272718822057 105.000005 0.999942	-1 "Total" 0	"Received" 1494544800 1067532 1027461	11118800 7942 8127
000636 1497272718822057 105.000005 0.999942	-1 "Total" 0	"Lost"     0 0 0	0 0 0
000637 1497272719822057 106.000005 1.000000	0 "Flow 0" 0.116	"Sent"     0 0 0	0 0 0
000638 1497272719822057 106.000005 1.000000	0 "Flow 0" 0.116	"Received" 1505553000 1075395 1035393	11008200 7863 7932
000639 1497272719822057 106.000005 1.000000	0 "Flow 0" 0.116	"Lost"     0 0 0	0 0 0
000640 1497272719822057 106.000005 1.000000	-1 "Total" 0	"Sent"     0 0 0	0 0 0
000641 1497272719822057 106.000005 1.000000	-1 "Total" 0	"Received" 1505553000 1075395 1035393	11008200 7863 7932
000642 1497272719822057 106.000005 1.000000	-1 "Total" 0	"Lost"     0 0 0	0 0 0
000643 1497272720822197 107.000145 1.000140	0 "Flow 0" 0.111	"Sent"     0 0 0	0 0 0
000644 1497272720822197 107.000145 1.000140	0 "Flow 0" 0.111	"Received" 1516930800 1083522 1043520	11377800 8127 8127
000645 1497272720822197 107.000145 1.000140	0 "Flow 0" 0.111	"Lost"     0 0 0	0 0 0
000646 1497272720822197 107.000145 1.000140	-1 "Total" 0	"Sent"     0 0 0	0 0 0
000647 1497272720822197 107.000145 1.000140	-1 "Total" 0	"Received" 1516930800 1083522 1043520	11377800 8127 8127
000648 1497272720822197 107.000145 1.000140	-1 "Total" 0	"Lost"     0 0 0	0 0 0
000649 1497272721822063 108.000011 0.999866	0 "Flow 0" 0.317	"Sent"     0 0 0	0 0 0
000650 1497272721822063 108.000011 0.999866	0 "Flow 0" 0.317	"Received" 1528035600 1091454 1051463	11104800 7932 7943
000651 1497272721822063 108.000011 0.999866	0 "Flow 0" 0.317	"Lost"     0 0 0	0 0 0
000652 1497272721822063 108.000011 0.999866	-1 "Total" 0	"Sent"     0 0 0	0 0 0
000653 1497272721822063 108.000011 0.999866	-1 "Total" 0	"Received" 1528035600 1091454 1051463	11104800 7932 7943
000654 1497272721822063 108.000011 0.999866	-1 "Total" 0	"Lost"     0 0 0	0 0 0
000655 1497272722822052 109.000000 0.999989	0 "Flow 0" 0.118	"Sent"     0 0 0	0 0 0
000656 1497272722822052 109.000000 0.999989	0 "Flow 0" 0.118	"Received" 1539412000 1099580 1059590	11376400 8126 8127
000657 1497272722822052 109.000000 0.999989	0 "Flow 0" 0.118	"Lost"     0 0 0	0 0 0
000658 1497272722822052 109.000000 0.999989	-1 "Total" 0	"Sent"     0 0 0	0 0 0
000659 1497272722822052 109.000000 0.999989	-1 "Total" 0	"Received" 1539412000 1099580 1059590	11376400 8126 8127
000660 1497272722822052 109.000000 0.999989	-1 "Total" 0	"Lost"     0 0 0	0 0 0
000661 1497272723822126 110.000074 1.000074	0 "Flow 0" 0.112	"Sent"     0 0 0	0 0 0
000662 1497272723822126 110.000074 1.000074	0 "Flow 0" 0.112	"Received" 1550539200 1107528 1067532	11127200 7948 7942
000663 1497272723822126 110.000074 1.000074	0 "Flow 0" 0.112	"Lost"     0 0 0	0 0 0
000664 1497272723822126 110.000074 1.000074	-1 "Total" 0	"Sent"     0 0 0	0 0 0
000665 1497272723822126 110.000074 1.000074	-1 "Total" 0	"Received" 1550539200 1107528 1067532	11127200 7948 7942
000666 1497272723822126 110.000074 1.000074	-1 "Total" 0	"Lost"     0 0 0	0 0 0
000667 1497272724834317 111.012265 1.012191	0 "Flow 0" 0.129	"Sent"     0 0 0	0 0 0
000668 1497272724834317 111.012265 1.012191	0 "Flow 0" 0.129	"Received" 1561009800 1115007 1074748	10470600 7479 7216
000669 1497272724834317 111.012265 1.012191	0 "Flow 0" 0.129	"Lost"     0 0 0	0 0 0
000670 1497272724834317 111.012265 1.012191	-1 "Total" 0	"Sent"     0 0 0	0 0 0
000671 1497272724834317 111.012265 1.012191	-1 "Total" 0	"Received" 1561009800 1115007 1074748	10470600 7479 7216
000672 1497272724834317 111.012265 1.012191	-1 "Total" 0	"Lost"     0 0 0	0 0 0
000673 1497272725822150 112.000098 0.987833	0 "Flow 0" 0.111	"Sent"     0 0 0	0 0 0
000674 1497272725822150 112.000098 0.987833	0 "Flow 0" 0.111	"Received" 1573026000 1123590 1083520	12016200 8583 8772
000675 1497272725822150 112.000098 0.987833	0 "Flow 0" 0.111	"Lost"     0 0 0	0 0 0
000676 1497272725822150 112.000098 0.987833	-1 "Total" 0	"Sent"     0 0 0	0 0 0
000677 1497272725822150 112.000098 0.987833	-1 "Total" 0	"Received" 1573026000 1123590 1083520	12016200 8583 8772
000678 1497272725822150 112.000098 0.987833	-1 "Total" 0	"Lost"     0 0 0	0 0 0
000679 1497272726822068 113.000016 0.999918	0 "Flow 0" 0.125	"Sent"     0 0 0	0 0 0
000680 1497272726822068 113.000016 0.999918	0 "Flow 0" 0.125	"Received" 1584044000 1131460 1091454	11018000 7870 7934
000681 1497272726822068 113.000016 0.999918	0 "Flow 0" 0.125	"Lost"     0 0 0	0 0 0
000682 1497272726822068 113.000016 0.999918	-1 "Total" 0	"Sent"     0 0 0	0 0 0
000683 1497272726822068 113.000016 0.999918	-1 "Total" 0	"Received" 1584044000 1131460 1091454	11018000 7870 7934
000684 1497272726822068 113.000016 0.999918	-1 "Total" 0	"Lost"     0 0 0	0 0 0
000685 1497272727822075 114.000023 1.000007	0 "Flow 0" 0.112	"Sent"     0 0 0	0 0 0
000686 1497272727822075 114.000023 1.000007	0 "Flow 0" 0.112	"Received" 1595423200 1139588 1099578	11379200 8128 8124
000687 1497272727822075 114.000023 1.000007	0 "Flow 0" 0.112	"Lost"     0 0 0	0 0 0
000688 1497272727822075 114.000023 1.000007	-1 "Total" 0	"Sent"     0 0 0	0 0 0
000689 1497272727822075 114.000023 1.000007	-1 "Total" 0	"Received" 1595423200 1139588 1099578	11379200 8128 8124
000690 1497272727822075 114.000023 1.000007	-1 "Total" 0	"Lost"     0 0 0	0 0 0
000691 1497272728822061 115.000009 0.999986	0 "Flow 0" 0.130	"Sent"     0 0 0	0 0 0
000692 1497272728822061 115.000009 0.999986	0 "Flow 0" 0.130	"Received" 1606514000 1147510 1107526	11090800 7922 7948
000693 1497272728822061 115.000009 0.999986	0 "Flow 0" 0.130	"Lost"     0 0 0	0 0 0
000694 1497272728822061 115.000009 0.999986	-1 "Total" 0	"Sent"     0 0 0	0 0 0
000695 1497272728822061 115.000009 0.999986	-1 "Total" 0	"Received" 1606514000 1147510 1107526	11090800 7922 7948
000696 1497272728822061 115.000009 0.999986	-1 "Total" 0	"Lost"     0 0 0	0 0 0
000697 1497272729822239 116.000187 1.000178	0 "Flow 0" 0.109	"Sent"     0 0 0	0 0 0
000698 1497272729822239 116.000187 1.000178	0 "Flow 0" 0.109	"Received" 1617893200 1155638 1115007	11379200 8128 7481
000699 1497272729822239 116.000187 1.000178	0 "Flow 0" 0.109	"Lost"     0 0 0	0 0 0
000700 1497272729822239 116.000187 1.000178	-1 "Total" 0	"Sent"     0 0 0	0 0 0
000701 1497272729822239 116.000187 1.000178	-1 "Total" 0	"Received" 1617893200 1155638 1115007	11379200 8128 7481
000702 1497272729822239 116.000187 1.000178	-1 "Total" 0	"Lost"     0 0 0	0 0 0
000703 1497272730822101 117.000049 0.999862	0 "Flow 0" 0.112	"Sent"     0 0 0	0 0 0
000704 1497272730822101 117.000049 0.999862	0 "Flow 0" 0.112	"Received" 1629003600 1163574 1123590	11110400 7936 8583
000705 1497272730822101 117.000049 0.999862	0 "Flow 0" 0.112	"Lost"     0 0 0	0 0 0
000706 1497272730822101 117.000049 0.999862	-1 "Total" 0	"Sent"     0 0 0	0 0 0
000707 1497272730822101 117.000049 0.999862	-1 "Total" 0	"Received" 1629003600 1163574 1123590	11110400 7936 8583
000708 1497272730822101 117.000049 0.999862	-1 "Total" 0	"Lost"     0 0 0	0 0 0
000709 1497272731822052 118.000000 0.999951	0 "Flow 0" 0.111	"Sent"     0 0 0	0 0 0
000710 1497272731822052 118.000000 0.999951	0 "Flow 0" 0.111	"Received" 1640009000 1171435 1131459	11005400 7861 7869
000711 1497272731822052 118.000000 0.999951	0 "Flow 0" 0.111	"Lost"     0 0 0	0 0 0
000712 1497272731822052 118.000000 0.999951	-1 "Total" 0	"Sent"     0 0 0	0 0 0
000713 1497272731822052 118.000000 0.999951	-1 "Total" 0	"Received" 1640009000 1171435 1131459	11005400 7861 7869
000714 1497272731822052 118.000000 0.999951	-1 "Total" 0	"Lost"     0 0 0	0 0 0
000715 1497272732822237 119.000185 1.000185	0 "Flow 0" 0.113	"Sent"     0 0 0	0 0 0
000716 1497272732822237 119.000185 1.000185	0 "Flow 0" 0.113	"Received" 1651386800 1179562 1139588	11377800 8127 8129
000717 1497272732822237 119.000185 1.000185	0 "Flow 0" 0.113	"Lost"     0 0 0	0 0 0
000718 1497272732822237 119.000185 1.000185	-1 "Total" 0	"Sent"     0 0 0	0 0 0
000719 1497272732822237 119.000185 1.000185	-1 "Total" 0	"Received" 1651386800 1179562 1139588	11377800 8127 8129
000720 1497272732822237 119.000185 1.000185	-1 "Total" 0	"Lost"     0 0 0	0 0 0
000721 1497272733822203 120.000151 0.999966	0 "Flow 0" 0.113	"Sent"     0 0 0	0 0 0
000722 1497272733822203 120.000151 0.999966	0 "Flow 0" 0.113	"Received" 1662498600 1187499 1147510	11111800 7937 7922
000723 1497272733822203 120.000151 0.999966	0 "Flow 0" 0.113	"Lost"     0 0 0	0 0 0
000724 1497272733822203 120.000151 0.999966	-1 "Total" 0	"Sent"     0 0 0	0 0 0
000725 1497272733822203 120.000151 0.999966	-1 "Total" 0	"Received" 1662498600 1187499 1147510	11111800 7937 7922
000726 1497272733822203 120.000151 0.999966	-1 "Total" 0	"Lost"     0 0 0	0 0 0
