AbsTime RelTime Interval	FlowID Description Jitter	Action	AbsBytes AbsPackets AbsFrames	RelBytes RelPackets RelFrames
000001 1497272364092405 0.000000 0.000000	0 "Flow 0" 36.702	"Sent"     0 0 0	0 0 0
000002 1497272364092405 0.000000 0.000000	0 "Flow 0" 36.702	"Received" 14000 10 0	14000 10 0
000003 1497272364092405 0.000000 0.000000	0 "Flow 0" 36.702	"Lost"     0 0 0	0 0 0
000004 1497272364092405 0.000000 0.000000	-1 "Total" 0	"Sent"     0 0 0	0 0 0
000005 1497272364092405 0.000000 0.000000	-1 "Total" 0	"Received" 14000 10 0	14000 10 0
000006 1497272364092405 0.000000 0.000000	-1 "Total" 0	"Lost"     0 0 0	0 0 0
000007 1497272365092410 1.000005 1.000005	0 "Flow 0" 0.105	"Sent"     0 0 0	0 0 0
000008 1497272365092410 1.000005 1.000005	0 "Flow 0" 0.105	"Received" 16912000 12080 0	16898000 12070 0
000009 1497272365092410 1.000005 1.000005	0 "Flow 0" 0.105	"Lost"     0 0 0	0 0 0
000010 1497272365092410 1.000005 1.000005	-1 "Total" 0	"Sent"     0 0 0	0 0 0
000011 1497272365092410 1.000005 1.000005	-1 "Total" 0	"Received" 16912000 12080 0	16898000 12070 0
000012 1497272365092410 1.000005 1.000005	-1 "Total" 0	"Lost"     0 0 0	0 0 0
000013 1497272366092419 2.000014 1.000009	0 "Flow 0" 0.131	"Sent"     0 0 0	0 0 0
000014 1497272366092419 2.000014 1.000009	0 "Flow 0" 0.131	"Received" 32797800 23427 0	15885800 11347 0
000015 1497272366092419 2.000014 1.000009	0 "Flow 0" 0.131	"Lost"     0 0 0	0 0 0
000016 1497272366092419 2.000014 1.000009	-1 "Total" 0	"Sent"     0 0 0	0 0 0
000017 1497272366092419 2.000014 1.000009	-1 "Total" 0	"Received" 32797800 23427 0	15885800 11347 0
000018 1497272366092419 2.000014 1.000009	-1 "Total" 0	"Lost"     0 0 0	0 0 0
000019 1497272367092438 3.000033 1.000019	0 "Flow 0" 0.112	"Sent"     0 0 0	0 0 0
000020 1497272367092438 3.000033 1.000019	0 "Flow 0" 0.112	"Received" 49470400 35336 0	16672600 11909 0
000021 1497272367092438 3.000033 1.000019	0 "Flow 0" 0.112	"Lost"     0 0 0	0 0 0
000022 1497272367092438 3.000033 1.000019	-1 "Total" 0	"Sent"     0 0 0	0 0 0
000023 1497272367092438 3.000033 1.000019	-1 "Total" 0	"Received" 49470400 35336 0	16672600 11909 0
000024 1497272367092438 3.000033 1.000019	-1 "Total" 0	"Lost"     0 0 0	0 0 0
000025 1497272368092601 4.000196 1.000163	0 "Flow 0" 0.119	"Sent"     0 0 0	0 0 0
000026 1497272368092601 4.000196 1.000163	0 "Flow 0" 0.119	"Received" 67478600 48199 0	18008200 12863 0
000027 1497272368092601 4.000196 1.000163	0 "Flow 0" 0.119	"Lost"     0 0 0	0 0 0
000028 1497272368092601 4.000196 1.000163	-1 "Total" 0	"Sent"     0 0 0	0 0 0
000029 1497272368092601 4.000196 1.000163	-1 "Total" 0	"Received" 67478600 48199 0	18008200 12863 0
000030 1497272368092601 4.000196 1.000163	-1 "Total" 0	"Lost"     0 0 0	0 0 0
000031 1497272369092611 5.000206 1.000010	0 "Flow 0" 0.114	"Sent"     0 0 0	0 0 0
000032 1497272369092611 5.000206 1.000010	0 "Flow 0" 0.114	"Received" 86832200 62023 10	19353600 13824 10
000033 1497272369092611 5.000206 1.000010	0 "Flow 0" 0.114	"Lost"     0 0 0	0 0 0
000034 1497272369092611 5.000206 1.000010	-1 "Total" 0	"Sent"     0 0 0	0 0 0
000035 1497272369092611 5.000206 1.000010	-1 "Total" 0	"Received" 86832200 62023 10	19353600 13824 10
000036 1497272369092611 5.000206 1.000010	-1 "Total" 0	"Lost"     0 0 0	0 0 0
000037 1497272370180949 6.088544 1.088338	0 "Flow 0" 0.067	"Sent"     0 0 0	0 0 0
000038 1497272370180949 6.088544 1.088338	0 "Flow 0" 0.067	"Received" 105148400 75106 11762	18316200 13083 11752
000039 1497272370180949 6.088544 1.088338	0 "Flow 0" 0.067	"Lost"     0 0 0	0 0 0
000040 1497272370180949 6.088544 1.088338	-1 "Total" 0	"Sent"     0 0 0	0 0 0
000041 1497272370180949 6.088544 1.088338	-1 "Total" 0	"Received" 105148400 75106 11762	18316200 13083 11752
000042 1497272370180949 6.088544 1.088338	-1 "Total" 0	"Lost"     0 0 0	0 0 0
000043 1497272371092629 7.000224 0.911680	0 "Flow 0" 0.106	"Sent"     0 0 0	0 0 0
000044 1497272371092629 7.000224 0.911680	0 "Flow 0" 0.106	"Received" 121590000 86850 23426	16441600 11744 11664
000045 1497272371092629 7.000224 0.911680	0 "Flow 0" 0.106	"Lost"     0 0 0	0 0 0
000046 1497272371092629 7.000224 0.911680	-1 "Total" 0	"Sent"     0 0 0	0 0 0
000047 1497272371092629 7.000224 0.911680	-1 "Total" 0	"Received" 121590000 86850 23426	16441600 11744 11664
000048 1497272371092629 7.000224 0.911680	-1 "Total" 0	"Lost"     0 0 0	0 0 0
000049 1497272372092408 8.000003 0.999779	0 "Flow 0" 0.016	"Sent"     0 0 0	0 0 0
000050 1497272372092408 8.000003 0.999779	0 "Flow 0" 0.016	"Received" 138671400 99051 35336	17081400 12201 11910
000051 1497272372092408 8.000003 0.999779	0 "Flow 0" 0.016	"Lost"     0 0 0	0 0 0
000052 1497272372092408 8.000003 0.999779	-1 "Total" 0	"Sent"     0 0 0	0 0 0
000053 1497272372092408 8.000003 0.999779	-1 "Total" 0	"Received" 138671400 99051 35336	17081400 12201 11910
000054 1497272372092408 8.000003 0.999779	-1 "Total" 0	"Lost"     0 0 0	0 0 0
000055 1497272373092529 9.000124 1.000121	0 "Flow 0" 0.111	"Sent"     0 0 0	0 0 0
000056 1497272373092529 9.000124 1.000121	0 "Flow 0" 0.111	"Received" 155432200 111023 48198	16760800 11972 12862
000057 1497272373092529 9.000124 1.000121	0 "Flow 0" 0.111	"Lost"     0 0 0	0 0 0
000058 1497272373092529 9.000124 1.000121	-1 "Total" 0	"Sent"     0 0 0	0 0 0
000059 1497272373092529 9.000124 1.000121	-1 "Total" 0	"Received" 155432200 111023 48198	16760800 11972 12862
000060 1497272373092529 9.000124 1.000121	-1 "Total" 0	"Lost"     0 0 0	0 0 0
000061 1497272374092416 10.000011 0.999887	0 "Flow 0" 0.073	"Sent"     0 0 0	0 0 0
000062 1497272374092416 10.000011 0.999887	0 "Flow 0" 0.073	"Received" 171269000 122335 62022	15836800 11312 13824
000063 1497272374092416 10.000011 0.999887	0 "Flow 0" 0.073	"Lost"     0 0 0	0 0 0
000064 1497272374092416 10.000011 0.999887	-1 "Total" 0	"Sent"     0 0 0	0 0 0
000065 1497272374092416 10.000011 0.999887	-1 "Total" 0	"Received" 171269000 122335 62022	15836800 11312 13824
000066 1497272374092416 10.000011 0.999887	-1 "Total" 0	"Lost"     0 0 0	0 0 0
000067 1497272375148554 11.056149 1.056138	0 "Flow 0" 0.076	"Sent"     0 0 0	0 0 0
000068 1497272375148554 11.056149 1.056138	0 "Flow 0" 0.076	"Received" 187966800 134262 74697	16697800 11927 12675
000069 1497272375148554 11.056149 1.056138	0 "Flow 0" 0.076	"Lost"     0 0 0	0 0 0
000070 1497272375148554 11.056149 1.056138	-1 "Total" 0	"Sent"     0 0 0	0 0 0
000071 1497272375148554 11.056149 1.056138	-1 "Total" 0	"Received" 187966800 134262 74697	16697800 11927 12675
000072 1497272375148554 11.056149 1.056138	-1 "Total" 0	"Lost"     0 0 0	0 0 0
000073 1497272376092578 12.000173 0.944024	0 "Flow 0" 0.098	"Sent"     0 0 0	0 0 0
000074 1497272376092578 12.000173 0.944024	0 "Flow 0" 0.098	"Received" 205751000 146965 86850	17784200 12703 12153
000075 1497272376092578 12.000173 0.944024	0 "Flow 0" 0.098	"Lost"     0 0 0	0 0 0
000076 1497272376092578 12.000173 0.944024	-1 "Total" 0	"Sent"     0 0 0	0 0 0
000077 1497272376092578 12.000173 0.944024	-1 "Total" 0	"Received" 205751000 146965 86850	17784200 12703 12153
000078 1497272376092578 12.000173 0.944024	-1 "Total" 0	"Lost"     0 0 0	0 0 0
000079 1497272377092605 13.000200 1.000027	0 "Flow 0" 0.098	"Sent"     0 0 0	0 0 0
000080 1497272377092605 13.000200 1.000027	0 "Flow 0" 0.098	"Received" 222741400 159101 99046	16990400 12136 12196
000081 1497272377092605 13.000200 1.000027	0 "Flow 0" 0.098	"Lost"     0 0 0	0 0 0
000082 1497272377092605 13.000200 1.000027	-1 "Total" 0	"Sent"     0 0 0	0 0 0
000083 1497272377092605 13.000200 1.000027	-1 "Total" 0	"Received" 222741400 159101 99046	16990400 12136 12196
000084 1497272377092605 13.000200 1.000027	-1 "Total" 0	"Lost"     0 0 0	0 0 0
000085 1497272378092438 14.000033 0.999833	0 "Flow 0" 0.034	"Sent"     0 0 0	0 0 0
000086 1497272378092438 14.000033 0.999833	0 "Flow 0" 0.034	"Received" 238849800 170607 111022	16108400 11506 11976
000087 1497272378092438 14.000033 0.999833	0 "Flow 0" 0.034	"Lost"     0 0 0	0 0 0
000088 1497272378092438 14.000033 0.999833	-1 "Total" 0	"Sent"     0 0 0	0 0 0
000089 1497272378092438 14.000033 0.999833	-1 "Total" 0	"Received" 238849800 170607 111022	16108400 11506 11976
000090 1497272378092438 14.000033 0.999833	-1 "Total" 0	"Lost"     0 0 0	0 0 0
000091 1497272379092421 15.000016 0.999983	0 "Flow 0" 0.104	"Sent"     0 0 0	0 0 0
000092 1497272379092421 15.000016 0.999983	0 "Flow 0" 0.104	"Received" 255498600 182499 122335	16648800 11892 11313
000093 1497272379092421 15.000016 0.999983	0 "Flow 0" 0.104	"Lost"     0 0 0	0 0 0
000094 1497272379092421 15.000016 0.999983	-1 "Total" 0	"Sent"     0 0 0	0 0 0
000095 1497272379092421 15.000016 0.999983	-1 "Total" 0	"Received" 255498600 182499 122335	16648800 11892 11313
000096 1497272379092421 15.000016 0.999983	-1 "Total" 0	"Lost"     0 0 0	0 0 0
000097 1497272380092406 16.000001 0.999985	0 "Flow 0" 0.239	"Sent"     0 0 0	0 0 0
000098 1497272380092406 16.000001 0.999985	0 "Flow 0" 0.239	"Received" 273476000 195340 134262	17977400 12841 11927
000099 1497272380092406 16.000001 0.999985	0 "Flow 0" 0.239	"Lost"     0 0 0	0 0 0
000100 1497272380092406 16.000001 0.999985	-1 "Total" 0	"Sent"     0 0 0	0 0 0
000101 1497272380092406 16.000001 0.999985	-1 "Total" 0	"Received" 273476000 195340 134262	17977400 12841 11927
000102 1497272380092406 16.000001 0.999985	-1 "Total" 0	"Lost"     0 0 0	0 0 0
000103 1497272381104371 17.011966 1.011965	0 "Flow 0" 0.045	"Sent"     0 0 0	0 0 0
000104 1497272381104371 17.011966 1.011965	0 "Flow 0" 0.045	"Received" 289479400 206771 145792	16003400 11431 11530
000105 1497272381104371 17.011966 1.011965	0 "Flow 0" 0.045	"Lost"     0 0 0	0 0 0
000106 1497272381104371 17.011966 1.011965	-1 "Total" 0	"Sent"     0 0 0	0 0 0
000107 1497272381104371 17.011966 1.011965	-1 "Total" 0	"Received" 289479400 206771 145792	16003400 11431 11530
000108 1497272381104371 17.011966 1.011965	-1 "Total" 0	"Lost"     0 0 0	0 0 0
000109 1497272382092486 18.000081 0.988115	0 "Flow 0" 0.112	"Sent"     0 0 0	0 0 0
000110 1497272382092486 18.000081 0.988115	0 "Flow 0" 0.112	"Received" 307451200 219608 159100	17971800 12837 13308
000111 1497272382092486 18.000081 0.988115	0 "Flow 0" 0.112	"Lost"     0 0 0	0 0 0
000112 1497272382092486 18.000081 0.988115	-1 "Total" 0	"Sent"     0 0 0	0 0 0
000113 1497272382092486 18.000081 0.988115	-1 "Total" 0	"Received" 307451200 219608 159100	17971800 12837 13308
000114 1497272382092486 18.000081 0.988115	-1 "Total" 0	"Lost"     0 0 0	0 0 0
000115 1497272383092436 19.000031 0.999950	0 "Flow 0" 0.114	"Sent"     0 0 0	0 0 0
000116 1497272383092436 19.000031 0.999950	0 "Flow 0" 0.114	"Received" 323258600 230899 170606	15807400 11291 11506
000117 1497272383092436 19.000031 0.999950	0 "Flow 0" 0.114	"Lost"     0 0 0	0 0 0
000118 1497272383092436 19.000031 0.999950	-1 "Total" 0	"Sent"     0 0 0	0 0 0
000119 1497272383092436 19.000031 0.999950	-1 "Total" 0	"Received" 323258600 230899 170606	15807400 11291 11506
000120 1497272383092436 19.000031 0.999950	-1 "Total" 0	"Lost"     0 0 0	0 0 0
000121 1497272384092436 20.000031 1.000000	0 "Flow 0" 0.028	"Sent"     0 0 0	0 0 0
000122 1497272384092436 20.000031 1.000000	0 "Flow 0" 0.028	"Received" 339724000 242660 182499	16465400 11761 11893
000123 1497272384092436 20.000031 1.000000	0 "Flow 0" 0.028	"Lost"     0 0 0	0 0 0
000124 1497272384092436 20.000031 1.000000	-1 "Total" 0	"Sent"     0 0 0	0 0 0
000125 1497272384092436 20.000031 1.000000	-1 "Total" 0	"Received" 339724000 242660 182499	16465400 11761 11893
000126 1497272384092436 20.000031 1.000000	-1 "Total" 0	"Lost"     0 0 0	0 0 0
000127 1497272385092472 21.000067 1.000036	0 "Flow 0" 0.080	"Sent"     0 0 0	0 0 0
000128 1497272385092472 21.000067 1.000036	0 "Flow 0" 0.080	"Received" 355822600 254159 195339	16098600 11499 12840
000129 1497272385092472 21.000067 1.000036	0 "Flow 0" 0.080	"Lost"     0 0 0	0 0 0
000130 1497272385092472 21.000067 1.000036	-1 "Total" 0	"Sent"     0 0 0	0 0 0
000131 1497272385092472 21.000067 1.000036	-1 "Total" 0	"Received" 355822600 254159 195339	16098600 11499 12840
000132 1497272385092472 21.000067 1.000036	-1 "Total" 0	"Lost"     0 0 0	0 0 0
000133 1497272386092417 22.000012 0.999945	0 "Flow 0" 0.007	"Sent"     0 0 0	0 0 0
000134 1497272386092417 22.000012 0.999945	0 "Flow 0" 0.007	"Received" 373660000 266900 206771	17837400 12741 11432
000135 1497272386092417 22.000012 0.999945	0 "Flow 0" 0.007	"Lost"     0 0 0	0 0 0
000136 1497272386092417 22.000012 0.999945	-1 "Total" 0	"Sent"     0 0 0	0 0 0
000137 1497272386092417 22.000012 0.999945	-1 "Total" 0	"Received" 373660000 266900 206771	17837400 12741 11432
000138 1497272386092417 22.000012 0.999945	-1 "Total" 0	"Lost"     0 0 0	0 0 0
000139 1497272387092411 23.000006 0.999994	0 "Flow 0" 0.007	"Sent"     0 0 0	0 0 0
000140 1497272387092411 23.000006 0.999994	0 "Flow 0" 0.007	"Received" 391973400 279981 219608	18313400 13081 12837
000141 1497272387092411 23.000006 0.999994	0 "Flow 0" 0.007	"Lost"     0 0 0	0 0 0
000142 1497272387092411 23.000006 0.999994	-1 "Total" 0	"Sent"     0 0 0	0 0 0
000143 1497272387092411 23.000006 0.999994	-1 "Total" 0	"Received" 391973400 279981 219608	18313400 13081 12837
000144 1497272387092411 23.000006 0.999994	-1 "Total" 0	"Lost"     0 0 0	0 0 0
000145 1497272388177252 24.084847 1.084841	0 "Flow 0" 0.065	"Sent"     0 0 0	0 0 0
000146 1497272388177252 24.084847 1.084841	0 "Flow 0" 0.065	"Received" 411290600 293779 230634	19317200 13798 11026
000147 1497272388177252 24.084847 1.084841	0 "Flow 0" 0.065	"Lost"     0 0 0	0 0 0
000148 1497272388177252 24.084847 1.084841	-1 "Total" 0	"Sent"     0 0 0	0 0 0
000149 1497272388177252 24.084847 1.084841	-1 "Total" 0	"Received" 411290600 293779 230634	19317200 13798 11026
000150 1497272388177252 24.084847 1.084841	-1 "Total" 0	"Lost"     0 0 0	0 0 0
000151 1497272389092507 25.000102 0.915255	0 "Flow 0" 0.093	"Sent"     0 0 0	0 0 0
000152 1497272389092507 25.000102 0.915255	0 "Flow 0" 0.093	"Received" 428664600 306189 242656	17374000 12410 12022
000153 1497272389092507 25.000102 0.915255	0 "Flow 0" 0.093	"Lost"     0 0 0	0 0 0
000154 1497272389092507 25.000102 0.915255	-1 "Total" 0	"Sent"     0 0 0	0 0 0
000155 1497272389092507 25.000102 0.915255	-1 "Total" 0	"Received" 428664600 306189 242656	17374000 12410 12022
000156 1497272389092507 25.000102 0.915255	-1 "Total" 0	"Lost"     0 0 0	0 0 0
000157 1497272390092418 26.000013 0.999911	0 "Flow 0" 0.117	"Sent"     0 0 0	0 0 0
000158 1497272390092418 26.000013 0.999911	0 "Flow 0" 0.117	"Received" 446444600 318889 254159	17780000 12700 11503
000159 1497272390092418 26.000013 0.999911	0 "Flow 0" 0.117	"Lost"     0 0 0	0 0 0
000160 1497272390092418 26.000013 0.999911	-1 "Total" 0	"Sent"     0 0 0	0 0 0
000161 1497272390092418 26.000013 0.999911	-1 "Total" 0	"Received" 446444600 318889 254159	17780000 12700 11503
000162 1497272390092418 26.000013 0.999911	-1 "Total" 0	"Lost"     0 0 0	0 0 0
000163 1497272391092698 27.000293 1.000280	0 "Flow 0" 0.037	"Sent"     0 0 0	0 0 0
000164 1497272391092698 27.000293 1.000280	0 "Flow 0" 0.037	"Received" 465001600 332144 266498	18557000 13255 12339
000165 1497272391092698 27.000293 1.000280	0 "Flow 0" 0.037	"Lost"     0 0 0	0 0 0
000166 1497272391092698 27.000293 1.000280	-1 "Total" 0	"Sent"     0 0 0	0 0 0
000167 1497272391092698 27.000293 1.000280	-1 "Total" 0	"Received" 465001600 332144 266498	18557000 13255 12339
000168 1497272391092698 27.000293 1.000280	-1 "Total" 0	"Lost"     0 0 0	0 0 0
000169 1497272392092440 28.000035 0.999742	0 "Flow 0" 0.054	"Sent"     0 0 0	0 0 0
000170 1497272392092440 28.000035 0.999742	0 "Flow 0" 0.054	"Received" 483504000 345360 279982	18502400 13216 13484
000171 1497272392092440 28.000035 0.999742	0 "Flow 0" 0.054	"Lost"     0 0 0	0 0 0
000172 1497272392092440 28.000035 0.999742	-1 "Total" 0	"Sent"     0 0 0	0 0 0
000173 1497272392092440 28.000035 0.999742	-1 "Total" 0	"Received" 483504000 345360 279982	18502400 13216 13484
000174 1497272392092440 28.000035 0.999742	-1 "Total" 0	"Lost"     0 0 0	0 0 0
000175 1497272393092444 29.000039 1.000004	0 "Flow 0" 0.112	"Sent"     0 0 0	0 0 0
000176 1497272393092444 29.000039 1.000004	0 "Flow 0" 0.112	"Received" 501585000 358275 293779	18081000 12915 13797
000177 1497272393092444 29.000039 1.000004	0 "Flow 0" 0.112	"Lost"     0 0 0	0 0 0
000178 1497272393092444 29.000039 1.000004	-1 "Total" 0	"Sent"     0 0 0	0 0 0
000179 1497272393092444 29.000039 1.000004	-1 "Total" 0	"Received" 501585000 358275 293779	18081000 12915 13797
000180 1497272393092444 29.000039 1.000004	-1 "Total" 0	"Lost"     0 0 0	0 0 0
000181 1497272394092610 30.000205 1.000166	0 "Flow 0" 1.377	"Sent"     0 0 0	0 0 0
000182 1497272394092610 30.000205 1.000166	0 "Flow 0" 1.377	"Received" 519362200 370973 306186	17777200 12698 12407
000183 1497272394092610 30.000205 1.000166	0 "Flow 0" 1.377	"Lost"     0 0 0	0 0 0
000184 1497272394092610 30.000205 1.000166	-1 "Total" 0	"Sent"     0 0 0	0 0 0
000185 1497272394092610 30.000205 1.000166	-1 "Total" 0	"Received" 519362200 370973 306186	17777200 12698 12407
000186 1497272394092610 30.000205 1.000166	-1 "Total" 0	"Lost"     0 0 0	0 0 0
000187 1497272395092441 31.000036 0.999831	0 "Flow 0" 0.118	"Sent"     0 0 0	0 0 0
000188 1497272395092441 31.000036 0.999831	0 "Flow 0" 0.118	"Received" 538022800 384302 318889	18660600 13329 12703
000189 1497272395092441 31.000036 0.999831	0 "Flow 0" 0.118	"Lost"     0 0 0	0 0 0
000190 1497272395092441 31.000036 0.999831	-1 "Total" 0	"Sent"     0 0 0	0 0 0
000191 1497272395092441 31.000036 0.999831	-1 "Total" 0	"Received" 538022800 384302 318889	18660600 13329 12703
000192 1497272395092441 31.000036 0.999831	-1 "Total" 0	"Lost"     0 0 0	0 0 0
000193 1497272396103643 32.011238 1.011202	0 "Flow 0" 0.007	"Sent"     0 0 0	0 0 0
000194 1497272396103643 32.011238 1.011202	0 "Flow 0" 0.007	"Received" 553424200 395303 331356	15401400 11001 12467
000195 1497272396103643 32.011238 1.011202	0 "Flow 0" 0.007	"Lost"     0 0 0	0 0 0
000196 1497272396103643 32.011238 1.011202	-1 "Total" 0	"Sent"     0 0 0	0 0 0
000197 1497272396103643 32.011238 1.011202	-1 "Total" 0	"Received" 553424200 395303 331356	15401400 11001 12467
000198 1497272396103643 32.011238 1.011202	-1 "Total" 0	"Lost"     0 0 0	0 0 0
000199 1497272397092595 33.000190 0.988952	0 "Flow 0" 0.045	"Sent"     0 0 0	0 0 0
000200 1497272397092595 33.000190 0.988952	0 "Flow 0" 0.045	"Received" 572104400 408646 345359	18680200 13343 14003
000201 1497272397092595 33.000190 0.988952	0 "Flow 0" 0.045	"Lost"     0 0 0	0 0 0
000202 1497272397092595 33.000190 0.988952	-1 "Total" 0	"Sent"     0 0 0	0 0 0
000203 1497272397092595 33.000190 0.988952	-1 "Total" 0	"Received" 572104400 408646 345359	18680200 13343 14003
000204 1497272397092595 33.000190 0.988952	-1 "Total" 0	"Lost"     0 0 0	0 0 0
000205 1497272398092502 34.000097 0.999907	0 "Flow 0" 0.103	"Sent"     0 0 0	0 0 0
000206 1497272398092502 34.000097 0.999907	0 "Flow 0" 0.103	"Received" 589117200 420798 358275	17012800 12152 12916
000207 1497272398092502 34.000097 0.999907	0 "Flow 0" 0.103	"Lost"     0 0 0	0 0 0
000208 1497272398092502 34.000097 0.999907	-1 "Total" 0	"Sent"     0 0 0	0 0 0
000209 1497272398092502 34.000097 0.999907	-1 "Total" 0	"Received" 589117200 420798 358275	17012800 12152 12916
000210 1497272398092502 34.000097 0.999907	-1 "Total" 0	"Lost"     0 0 0	0 0 0
000211 1497272399092405 35.000000 0.999903	0 "Flow 0" 0.119	"Sent"     0 0 0	0 0 0
000212 1497272399092405 35.000000 0.999903	0 "Flow 0" 0.119	"Received" 606923800 433517 370973	17806600 12719 12698
000213 1497272399092405 35.000000 0.999903	0 "Flow 0" 0.119	"Lost"     0 0 0	0 0 0
000214 1497272399092405 35.000000 0.999903	-1 "Total" 0	"Sent"     0 0 0	0 0 0
000215 1497272399092405 35.000000 0.999903	-1 "Total" 0	"Received" 606923800 433517 370973	17806600 12719 12698
000216 1497272399092405 35.000000 0.999903	-1 "Total" 0	"Lost"     0 0 0	0 0 0
000217 1497272400092566 36.000161 1.000161	0 "Flow 0" 0.117	"Sent"     0 0 0	0 0 0
000218 1497272400092566 36.000161 1.000161	0 "Flow 0" 0.117	"Received" 625268000 446620 384302	18344200 13103 13329
000219 1497272400092566 36.000161 1.000161	0 "Flow 0" 0.117	"Lost"     0 0 0	0 0 0
000220 1497272400092566 36.000161 1.000161	-1 "Total" 0	"Sent"     0 0 0	0 0 0
000221 1497272400092566 36.000161 1.000161	-1 "Total" 0	"Received" 625268000 446620 384302	18344200 13103 13329
000222 1497272400092566 36.000161 1.000161	-1 "Total" 0	"Lost"     0 0 0	0 0 0
000223 1497272401092524 37.000119 0.999958	0 "Flow 0" 0.033	"Sent"     0 0 0	0 0 0
000224 1497272401092524 37.000119 0.999958	0 "Flow 0" 0.033	"Received" 643046600 459319 395303	17778600 12699 11001
000225 1497272401092524 37.000119 0.999958	0 "Flow 0" 0.033	"Lost"     0 0 0	0 0 0
000226 1497272401092524 37.000119 0.999958	-1 "Total" 0	"Sent"     0 0 0	0 0 0
000227 1497272401092524 37.000119 0.999958	-1 "Total" 0	"Received" 643046600 459319 395303	17778600 12699 11001
000228 1497272401092524 37.000119 0.999958	-1 "Total" 0	"Lost"     0 0 0	0 0 0
000229 1497272402092408 38.000003 0.999884	0 "Flow 0" 0.126	"Sent"     0 0 0	0 0 0
000230 1497272402092408 38.000003 0.999884	0 "Flow 0" 0.126	"Received" 658057400 470041 408646	15010800 10722 13343
000231 1497272402092408 38.000003 0.999884	0 "Flow 0" 0.126	"Lost"     0 0 0	0 0 0
000232 1497272402092408 38.000003 0.999884	-1 "Total" 0	"Sent"     0 0 0	0 0 0
000233 1497272402092408 38.000003 0.999884	-1 "Total" 0	"Received" 658057400 470041 408646	15010800 10722 13343
000234 1497272402092408 38.000003 0.999884	-1 "Total" 0	"Lost"     0 0 0	0 0 0
000235 1497272403092419 39.000014 1.000011	0 "Flow 0" 0.113	"Sent"     0 0 0	0 0 0
000236 1497272403092419 39.000014 1.000011	0 "Flow 0" 0.113	"Received" 675207400 482291 420798	17150000 12250 12152
000237 1497272403092419 39.000014 1.000011	0 "Flow 0" 0.113	"Lost"     0 0 0	0 0 0
000238 1497272403092419 39.000014 1.000011	-1 "Total" 0	"Sent"     0 0 0	0 0 0
000239 1497272403092419 39.000014 1.000011	-1 "Total" 0	"Received" 675207400 482291 420798	17150000 12250 12152
000240 1497272403092419 39.000014 1.000011	-1 "Total" 0	"Lost"     0 0 0	0 0 0
000241 1497272404092441 40.000036 1.000022	0 "Flow 0" 0.080	"Sent"     0 0 0	0 0 0
000242 1497272404092441 40.000036 1.000022	0 "Flow 0" 0.080	"Received" 691150600 493679 433515	15943200 11388 12717
000243 1497272404092441 40.000036 1.000022	0 "Flow 0" 0.080	"Lost"     0 0 0	0 0 0
000244 1497272404092441 40.000036 1.000022	-1 "Total" 0	"Sent"     0 0 0	0 0 0
000245 1497272404092441 40.000036 1.000022	-1 "Total" 0	"Received" 691150600 493679 433515	15943200 11388 12717
000246 1497272404092441 40.000036 1.000022	-1 "Total" 0	"Lost"     0 0 0	0 0 0
000247 1497272405092622 41.000217 1.000181	0 "Flow 0" 0.113	"Sent"     0 0 0	0 0 0
000248 1497272405092622 41.000217 1.000181	0 "Flow 0" 0.113	"Received" 707028000 505020 446620	15877400 11341 13105
000249 1497272405092622 41.000217 1.000181	0 "Flow 0" 0.113	"Lost"     0 0 0	0 0 0
000250 1497272405092622 41.000217 1.000181	-1 "Total" 0	"Sent"     0 0 0	0 0 0
000251 1497272405092622 41.000217 1.000181	-1 "Total" 0	"Received" 707028000 505020 446620	15877400 11341 13105
000252 1497272405092622 41.000217 1.000181	-1 "Total" 0	"Lost"     0 0 0	0 0 0
000253 1497272406092410 42.000005 0.999788	0 "Flow 0" 0.105	"Sent"     0 0 0	0 0 0
000254 1497272406092410 42.000005 0.999788	0 "Flow 0" 0.105	"Received" 723020200 516443 459319	15992200 11423 12699
000255 1497272406092410 42.000005 0.999788	0 "Flow 0" 0.105	"Lost"     0 0 0	0 0 0
000256 1497272406092410 42.000005 0.999788	-1 "Total" 0	"Sent"     0 0 0	0 0 0
000257 1497272406092410 42.000005 0.999788	-1 "Total" 0	"Received" 723020200 516443 459319	15992200 11423 12699
000258 1497272406092410 42.000005 0.999788	-1 "Total" 0	"Lost"     0 0 0	0 0 0
000259 1497272407092409 43.000004 0.999999	0 "Flow 0" 0.122	"Sent"     0 0 0	0 0 0
000260 1497272407092409 43.000004 0.999999	0 "Flow 0" 0.122	"Received" 739419800 528157 470040	16399600 11714 10721
000261 1497272407092409 43.000004 0.999999	0 "Flow 0" 0.122	"Lost"     0 0 0	0 0 0
000262 1497272407092409 43.000004 0.999999	-1 "Total" 0	"Sent"     0 0 0	0 0 0
000263 1497272407092409 43.000004 0.999999	-1 "Total" 0	"Received" 739419800 528157 470040	16399600 11714 10721
000264 1497272407092409 43.000004 0.999999	-1 "Total" 0	"Lost"     0 0 0	0 0 0
000265 1497272408132300 44.039895 1.039891	0 "Flow 0" 0.108	"Sent"     0 0 0	0 0 0
000266 1497272408132300 44.039895 1.039891	0 "Flow 0" 0.108	"Received" 756446600 540319 481376	17026800 12162 11336
000267 1497272408132300 44.039895 1.039891	0 "Flow 0" 0.108	"Lost"     0 0 0	0 0 0
000268 1497272408132300 44.039895 1.039891	-1 "Total" 0	"Sent"     0 0 0	0 0 0
000269 1497272408132300 44.039895 1.039891	-1 "Total" 0	"Received" 756446600 540319 481376	17026800 12162 11336
000270 1497272408132300 44.039895 1.039891	-1 "Total" 0	"Lost"     0 0 0	0 0 0
000271 1497272409092497 45.000092 0.960197	0 "Flow 0" 0.118	"Sent"     0 0 0	0 0 0
000272 1497272409092497 45.000092 0.960197	0 "Flow 0" 0.118	"Received" 773445400 552461 493679	16998800 12142 12303
000273 1497272409092497 45.000092 0.960197	0 "Flow 0" 0.118	"Lost"     0 0 0	0 0 0
000274 1497272409092497 45.000092 0.960197	-1 "Total" 0	"Sent"     0 0 0	0 0 0
000275 1497272409092497 45.000092 0.960197	-1 "Total" 0	"Received" 773445400 552461 493679	16998800 12142 12303
000276 1497272409092497 45.000092 0.960197	-1 "Total" 0	"Lost"     0 0 0	0 0 0
000277 1497272410092411 46.000006 0.999914	0 "Flow 0" 0.105	"Sent"     0 0 0	0 0 0
000278 1497272410092411 46.000006 0.999914	0 "Flow 0" 0.105	"Received" 789574800 563982 505020	16129400 11521 11341
000279 1497272410092411 46.000006 0.999914	0 "Flow 0" 0.105	"Lost"     0 0 0	0 0 0
000280 1497272410092411 46.000006 0.999914	-1 "Total" 0	"Sent"     0 0 0	0 0 0
000281 1497272410092411 46.000006 0.999914	-1 "Total" 0	"Received" 789574800 563982 505020	16129400 11521 11341
000282 1497272410092411 46.000006 0.999914	-1 "Total" 0	"Lost"     0 0 0	0 0 0
000283 1497272411092505 47.000100 1.000094	0 "Flow 0" 0.211	"Sent"     0 0 0	0 0 0
000284 1497272411092505 47.000100 1.000094	0 "Flow 0" 0.211	"Received" 805606200 575433 516444	16031400 11451 11424
000285 1497272411092505 47.000100 1.000094	0 "Flow 0" 0.211	"Lost"     0 0 0	0 0 0
000286 1497272411092505 47.000100 1.000094	-1 "Total" 0	"Sent"     0 0 0	0 0 0
000287 1497272411092505 47.000100 1.000094	-1 "Total" 0	"Received" 805606200 575433 516444	16031400 11451 11424
000288 1497272411092505 47.000100 1.000094	-1 "Total" 0	"Lost"     0 0 0	0 0 0
000289 1497272412092483 48.000078 0.999978	0 "Flow 0" 0.093	"Sent"     0 0 0	0 0 0
000290 1497272412092483 48.000078 0.999978	0 "Flow 0" 0.093	"Received" 822395000 587425 528156	16788800 11992 11712
000291 1497272412092483 48.000078 0.999978	0 "Flow 0" 0.093	"Lost"     0 0 0	0 0 0
000292 1497272412092483 48.000078 0.999978	-1 "Total" 0	"Sent"     0 0 0	0 0 0
000293 1497272412092483 48.000078 0.999978	-1 "Total" 0	"Received" 822395000 587425 528156	16788800 11992 11712
000294 1497272412092483 48.000078 0.999978	-1 "Total" 0	"Lost"     0 0 0	0 0 0
000295 1497272413133721 49.041316 1.041238	0 "Flow 0" 0.097	"Sent"     0 0 0	0 0 0
000296 1497272413133721 49.041316 1.041238	0 "Flow 0" 0.097	"Received" 837662000 598330 540319	15267000 10905 12163
000297 1497272413133721 49.041316 1.041238	0 "Flow 0" 0.097	"Lost"     0 0 0	0 0 0
000298 1497272413133721 49.041316 1.041238	-1 "Total" 0	"Sent"     0 0 0	0 0 0
000299 1497272413133721 49.041316 1.041238	-1 "Total" 0	"Received" 837662000 598330 540319	15267000 10905 12163
000300 1497272413133721 49.041316 1.041238	-1 "Total" 0	"Lost"     0 0 0	0 0 0
000301 1497272414093028 50.000623 0.959307	0 "Flow 0" 0.106	"Sent"     0 0 0	0 0 0
000302 1497272414093028 50.000623 0.959307	0 "Flow 0" 0.106	"Received" 855058400 610756 552183	17396400 12426 11864
000303 1497272414093028 50.000623 0.959307	0 "Flow 0" 0.106	"Lost"     0 0 0	0 0 0
000304 1497272414093028 50.000623 0.959307	-1 "Total" 0	"Sent"     0 0 0	0 0 0
000305 1497272414093028 50.000623 0.959307	-1 "Total" 0	"Received" 855058400 610756 552183	17396400 12426 11864
000306 1497272414093028 50.000623 0.959307	-1 "Total" 0	"Lost"     0 0 0	0 0 0
000307 1497272415092777 51.000372 0.999749	0 "Flow 0" 0.073	"Sent"     0 0 0	0 0 0
000308 1497272415092777 51.000372 0.999749	0 "Flow 0" 0.073	"Received" 865965800 618547 563980	10907400 7791 11797
000309 1497272415092777 51.000372 0.999749	0 "Flow 0" 0.073	"Lost"     0 0 0	0 0 0
000310 1497272415092777 51.000372 0.999749	-1 "Total" 0	"Sent"     0 0 0	0 0 0
000311 1497272415092777 51.000372 0.999749	-1 "Total" 0	"Received" 865965800 618547 563980	10907400 7791 11797
000312 1497272415092777 51.000372 0.999749	-1 "Total" 0	"Lost"     0 0 0	0 0 0
000313 1497272416093092 52.000687 1.000315	0 "Flow 0" 0.194	"Sent"     0 0 0	0 0 0
000314 1497272416093092 52.000687 1.000315	0 "Flow 0" 0.194	"Received" 875754600 625539 575431	9788800 6992 11451
000315 1497272416093092 52.000687 1.000315	0 "Flow 0" 0.194	"Lost"     0 0 0	0 0 0
000316 1497272416093092 52.000687 1.000315	-1 "Total" 0	"Sent"     0 0 0	0 0 0
000317 1497272416093092 52.000687 1.000315	-1 "Total" 0	"Received" 875754600 625539 575431	9788800 6992 11451
000318 1497272416093092 52.000687 1.000315	-1 "Total" 0	"Lost"     0 0 0	0 0 0
000319 1497272417092713 53.000308 0.999621	0 "Flow 0" 0.108	"Sent"     0 0 0	0 0 0
000320 1497272417092713 53.000308 0.999621	0 "Flow 0" 0.108	"Received" 887835200 634168 587425	12080600 8629 11994
000321 1497272417092713 53.000308 0.999621	0 "Flow 0" 0.108	"Lost"     0 0 0	0 0 0
000322 1497272417092713 53.000308 0.999621	-1 "Total" 0	"Sent"     0 0 0	0 0 0
000323 1497272417092713 53.000308 0.999621	-1 "Total" 0	"Received" 887835200 634168 587425	12080600 8629 11994
000324 1497272417092713 53.000308 0.999621	-1 "Total" 0	"Lost"     0 0 0	0 0 0
000325 1497272418092637 54.000232 0.999924	0 "Flow 0" 0.119	"Sent"     0 0 0	0 0 0
000326 1497272418092637 54.000232 0.999924	0 "Flow 0" 0.119	"Received" 902318200 644513 598330	14483000 10345 10905
000327 1497272418092637 54.000232 0.999924	0 "Flow 0" 0.119	"Lost"     0 0 0	0 0 0
000328 1497272418092637 54.000232 0.999924	-1 "Total" 0	"Sent"     0 0 0	0 0 0
000329 1497272418092637 54.000232 0.999924	-1 "Total" 0	"Received" 902318200 644513 598330	14483000 10345 10905
000330 1497272418092637 54.000232 0.999924	-1 "Total" 0	"Lost"     0 0 0	0 0 0
000331 1497272419191257 55.098852 1.098620	0 "Flow 0" 0.020	"Sent"     0 0 0	0 0 0
000332 1497272419191257 55.098852 1.098620	0 "Flow 0" 0.020	"Received" 918864800 656332 610756	16546600 11819 12426
000333 1497272419191257 55.098852 1.098620	0 "Flow 0" 0.020	"Lost"     0 0 0	0 0 0
000334 1497272419191257 55.098852 1.098620	-1 "Total" 0	"Sent"     0 0 0	0 0 0
000335 1497272419191257 55.098852 1.098620	-1 "Total" 0	"Received" 918864800 656332 610756	16546600 11819 12426
000336 1497272419191257 55.098852 1.098620	-1 "Total" 0	"Lost"     0 0 0	0 0 0
000337 1497272420092558 56.000153 0.901301	0 "Flow 0" 0.112	"Sent"     0 0 0	0 0 0
000338 1497272420092558 56.000153 0.901301	0 "Flow 0" 0.112	"Received" 936380200 668843 618547	17515400 12511 7791
000339 1497272420092558 56.000153 0.901301	0 "Flow 0" 0.112	"Lost"     0 0 0	0 0 0
000340 1497272420092558 56.000153 0.901301	-1 "Total" 0	"Sent"     0 0 0	0 0 0
000341 1497272420092558 56.000153 0.901301	-1 "Total" 0	"Received" 936380200 668843 618547	17515400 12511 7791
000342 1497272420092558 56.000153 0.901301	-1 "Total" 0	"Lost"     0 0 0	0 0 0
000343 1497272421092470 57.000065 0.999912	0 "Flow 0" 0.113	"Sent"     0 0 0	0 0 0
000344 1497272421092470 57.000065 0.999912	0 "Flow 0" 0.113	"Received" 953943200 681388 625539	17563000 12545 6992
000345 1497272421092470 57.000065 0.999912	0 "Flow 0" 0.113	"Lost"     0 0 0	0 0 0
000346 1497272421092470 57.000065 0.999912	-1 "Total" 0	"Sent"     0 0 0	0 0 0
000347 1497272421092470 57.000065 0.999912	-1 "Total" 0	"Received" 953943200 681388 625539	17563000 12545 6992
000348 1497272421092470 57.000065 0.999912	-1 "Total" 0	"Lost"     0 0 0	0 0 0
000349 1497272422092682 58.000277 1.000212	0 "Flow 0" 0.113	"Sent"     0 0 0	0 0 0
000350 1497272422092682 58.000277 1.000212	0 "Flow 0" 0.113	"Received" 971482400 693916 634165	17539200 12528 8626
000351 1497272422092682 58.000277 1.000212	0 "Flow 0" 0.113	"Lost"     0 0 0	0 0 0
000352 1497272422092682 58.000277 1.000212	-1 "Total" 0	"Sent"     0 0 0	0 0 0
000353 1497272422092682 58.000277 1.000212	-1 "Total" 0	"Received" 971482400 693916 634165	17539200 12528 8626
000354 1497272422092682 58.000277 1.000212	-1 "Total" 0	"Lost"     0 0 0	0 0 0
000355 1497272423092411 59.000006 0.999729	0 "Flow 0" 0.120	"Sent"     0 0 0	0 0 0
000356 1497272423092411 59.000006 0.999729	0 "Flow 0" 0.120	"Received" 990850000 707750 644513	19367600 13834 10348
000357 1497272423092411 59.000006 0.999729	0 "Flow 0" 0.120	"Lost"     0 0 0	0 0 0
000358 1497272423092411 59.000006 0.999729	-1 "Total" 0	"Sent"     0 0 0	0 0 0
000359 1497272423092411 59.000006 0.999729	-1 "Total" 0	"Received" 990850000 707750 644513	19367600 13834 10348
000360 1497272423092411 59.000006 0.999729	-1 "Total" 0	"Lost"     0 0 0	0 0 0
000361 1497272424092733 60.000328 1.000322	0 "Flow 0" 0.032	"Sent"     0 0 0	0 0 0
000362 1497272424092733 60.000328 1.000322	0 "Flow 0" 0.032	"Received" 1008128800 720092 656332	17278800 12342 11819
000363 1497272424092733 60.000328 1.000322	0 "Flow 0" 0.032	"Lost"     0 0 0	0 0 0
000364 1497272424092733 60.000328 1.000322	-1 "Total" 0	"Sent"     0 0 0	0 0 0
000365 1497272424092733 60.000328 1.000322	-1 "Total" 0	"Received" 1008128800 720092 656332	17278800 12342 11819
000366 1497272424092733 60.000328 1.000322	-1 "Total" 0	"Lost"     0 0 0	0 0 0
000367 1497272425093453 61.001048 1.000720	0 "Flow 0" 0.451	"Sent"     0 0 0	0 0 0
000368 1497272425093453 61.001048 1.000720	0 "Flow 0" 0.451	"Received" 1014116600 724369 668826	5987800 4277 12494
000369 1497272425093453 61.001048 1.000720	0 "Flow 0" 0.451	"Lost"     0 0 0	0 0 0
000370 1497272425093453 61.001048 1.000720	-1 "Total" 0	"Sent"     0 0 0	0 0 0
000371 1497272425093453 61.001048 1.000720	-1 "Total" 0	"Received" 1014116600 724369 668826	5987800 4277 12494
000372 1497272425093453 61.001048 1.000720	-1 "Total" 0	"Lost"     0 0 0	0 0 0
000373 1497272426092940 62.000535 0.999487	0 "Flow 0" 0.003	"Sent"     0 0 0	0 0 0
000374 1497272426092940 62.000535 0.999487	0 "Flow 0" 0.003	"Received" 1021109600 729364 681125	6993000 4995 12299
000375 1497272426092940 62.000535 0.999487	0 "Flow 0" 0.003	"Lost"     0 0 0	0 0 0
000376 1497272426092940 62.000535 0.999487	-1 "Total" 0	"Sent"     0 0 0	0 0 0
000377 1497272426092940 62.000535 0.999487	-1 "Total" 0	"Received" 1021109600 729364 681125	6993000 4995 12299
000378 1497272426092940 62.000535 0.999487	-1 "Total" 0	"Lost"     0 0 0	0 0 0
000379 1497272427093357 63.000952 1.000417	0 "Flow 0" 0.001	"Sent"     0 0 0	0 0 0
000380 1497272427093357 63.000952 1.000417	0 "Flow 0" 0.001	"Received" 1030009400 735721 693903	8899800 6357 12778
000381 1497272427093357 63.000952 1.000417	0 "Flow 0" 0.001	"Lost"     0 0 0	0 0 0
000382 1497272427093357 63.000952 1.000417	-1 "Total" 0	"Sent"     0 0 0	0 0 0
000383 1497272427093357 63.000952 1.000417	-1 "Total" 0	"Received" 1030009400 735721 693903	8899800 6357 12778
000384 1497272427093357 63.000952 1.000417	-1 "Total" 0	"Lost"     0 0 0	0 0 0
000385 1497272428093165 64.000760 0.999808	0 "Flow 0" 0.012	"Sent"     0 0 0	0 0 0
000386 1497272428093165 64.000760 0.999808	0 "Flow 0" 0.012	"Received" 1040099200 742928 707699	10089800 7207 13796
000387 1497272428093165 64.000760 0.999808	0 "Flow 0" 0.012	"Lost"     0 0 0	0 0 0
000388 1497272428093165 64.000760 0.999808	-1 "Total" 0	"Sent"     0 0 0	0 0 0
000389 1497272428093165 64.000760 0.999808	-1 "Total" 0	"Received" 1040099200 742928 707699	10089800 7207 13796
000390 1497272428093165 64.000760 0.999808	-1 "Total" 0	"Lost"     0 0 0	0 0 0
000391 1497272429093439 65.001034 1.000274	0 "Flow 0" 0.151	"Sent"     0 0 0	0 0 0
000392 1497272429093439 65.001034 1.000274	0 "Flow 0" 0.151	"Received" 1051001000 750715 720010	10901800 7787 12311
000393 1497272429093439 65.001034 1.000274	0 "Flow 0" 0.151	"Lost"     0 0 0	0 0 0
000394 1497272429093439 65.001034 1.000274	-1 "Total" 0	"Sent"     0 0 0	0 0 0
000395 1497272429093439 65.001034 1.000274	-1 "Total" 0	"Received" 1051001000 750715 720010	10901800 7787 12311
000396 1497272429093439 65.001034 1.000274	-1 "Total" 0	"Lost"     0 0 0	0 0 0
000397 1497272430092741 66.000336 0.999302	0 "Flow 0" 0.003	"Sent"     0 0 0	0 0 0
000398 1497272430092741 66.000336 0.999302	0 "Flow 0" 0.003	"Received" 1063211800 759437 724362	12210800 8722 4352
000399 1497272430092741 66.000336 0.999302	0 "Flow 0" 0.003	"Lost"     0 0 0	0 0 0
000400 1497272430092741 66.000336 0.999302	-1 "Total" 0	"Sent"     0 0 0	0 0 0
000401 1497272430092741 66.000336 0.999302	-1 "Total" 0	"Received" 1063211800 759437 724362	12210800 8722 4352
000402 1497272430092741 66.000336 0.999302	-1 "Total" 0	"Lost"     0 0 0	0 0 0
000403 1497272431093185 67.000780 1.000444	0 "Flow 0" 0.018	"Sent"     0 0 0	0 0 0
000404 1497272431093185 67.000780 1.000444	0 "Flow 0" 0.018	"Received" 1074721200 767658 729364	11509400 8221 5002
000405 1497272431093185 67.000780 1.000444	0 "Flow 0" 0.018	"Lost"     0 0 0	0 0 0
000406 1497272431093185 67.000780 1.000444	-1 "Total" 0	"Sent"     0 0 0	0 0 0
000407 1497272431093185 67.000780 1.000444	-1 "Total" 0	"Received" 1074721200 767658 729364	11509400 8221 5002
000408 1497272431093185 67.000780 1.000444	-1 "Total" 0	"Lost"     0 0 0	0 0 0
000409 1497272432093105 68.000700 0.999920	0 "Flow 0" 0.002	"Sent"     0 0 0	0 0 0
000410 1497272432093105 68.000700 0.999920	0 "Flow 0" 0.002	"Received" 1080749600 771964 735567	6028400 4306 6203
000411 1497272432093105 68.000700 0.999920	0 "Flow 0" 0.002	"Lost"     0 0 0	0 0 0
000412 1497272432093105 68.000700 0.999920	-1 "Total" 0	"Sent"     0 0 0	0 0 0
000413 1497272432093105 68.000700 0.999920	-1 "Total" 0	"Received" 1080749600 771964 735567	6028400 4306 6203
000414 1497272432093105 68.000700 0.999920	-1 "Total" 0	"Lost"     0 0 0	0 0 0
000415 1497272433093332 69.000927 1.000227	0 "Flow 0" 0.003	"Sent"     0 0 0	0 0 0
000416 1497272433093332 69.000927 1.000227	0 "Flow 0" 0.003	"Received" 1087707600 776934 742750	6958000 4970 7183
000417 1497272433093332 69.000927 1.000227	0 "Flow 0" 0.003	"Lost"     0 0 0	0 0 0
000418 1497272433093332 69.000927 1.000227	-1 "Total" 0	"Sent"     0 0 0	0 0 0
000419 1497272433093332 69.000927 1.000227	-1 "Total" 0	"Received" 1087707600 776934 742750	6958000 4970 7183
000420 1497272433093332 69.000927 1.000227	-1 "Total" 0	"Lost"     0 0 0	0 0 0
000421 1497272434093171 70.000766 0.999839	0 "Flow 0" 0.155	"Sent"     0 0 0	0 0 0
000422 1497272434093171 70.000766 0.999839	0 "Flow 0" 0.155	"Received" 1096347000 783105 750706	8639400 6171 7956
000423 1497272434093171 70.000766 0.999839	0 "Flow 0" 0.155	"Lost"     0 0 0	0 0 0
000424 1497272434093171 70.000766 0.999839	-1 "Total" 0	"Sent"     0 0 0	0 0 0
000425 1497272434093171 70.000766 0.999839	-1 "Total" 0	"Received" 1096347000 783105 750706	8639400 6171 7956
000426 1497272434093171 70.000766 0.999839	-1 "Total" 0	"Lost"     0 0 0	0 0 0
000427 1497272435093170 71.000765 0.999999	0 "Flow 0" 0.003	"Sent"     0 0 0	0 0 0
000428 1497272435093170 71.000765 0.999999	0 "Flow 0" 0.003	"Received" 1104878600 789199 759437	8531600 6094 8731
000429 1497272435093170 71.000765 0.999999	0 "Flow 0" 0.003	"Lost"     0 0 0	0 0 0
000430 1497272435093170 71.000765 0.999999	-1 "Total" 0	"Sent"     0 0 0	0 0 0
000431 1497272435093170 71.000765 0.999999	-1 "Total" 0	"Received" 1104878600 789199 759437	8531600 6094 8731
000432 1497272435093170 71.000765 0.999999	-1 "Total" 0	"Lost"     0 0 0	0 0 0
000433 1497272436092785 72.000380 0.999615	0 "Flow 0" 0.001	"Sent"     0 0 0	0 0 0
000434 1497272436092785 72.000380 0.999615	0 "Flow 0" 0.001	"Received" 1113373800 795267 767423	8495200 6068 7986
000435 1497272436092785 72.000380 0.999615	0 "Flow 0" 0.001	"Lost"     0 0 0	0 0 0
000436 1497272436092785 72.000380 0.999615	-1 "Total" 0	"Sent"     0 0 0	0 0 0
000437 1497272436092785 72.000380 0.999615	-1 "Total" 0	"Received" 1113373800 795267 767423	8495200 6068 7986
000438 1497272436092785 72.000380 0.999615	-1 "Total" 0	"Lost"     0 0 0	0 0 0
000439 1497272437093464 73.001059 1.000679	0 "Flow 0" 0.001	"Sent"     0 0 0	0 0 0
000440 1497272437093464 73.001059 1.000679	0 "Flow 0" 0.001	"Received" 1122430400 801736 771854	9056600 6469 4431
000441 1497272437093464 73.001059 1.000679	0 "Flow 0" 0.001	"Lost"     0 0 0	0 0 0
000442 1497272437093464 73.001059 1.000679	-1 "Total" 0	"Sent"     0 0 0	0 0 0
000443 1497272437093464 73.001059 1.000679	-1 "Total" 0	"Received" 1122430400 801736 771854	9056600 6469 4431
000444 1497272437093464 73.001059 1.000679	-1 "Total" 0	"Lost"     0 0 0	0 0 0
000445 1497272438093300 74.000895 0.999836	0 "Flow 0" 0.001	"Sent"     0 0 0	0 0 0
000446 1497272438093300 74.000895 0.999836	0 "Flow 0" 0.001	"Received" 1133403600 809574 776928	10973200 7838 5074
000447 1497272438093300 74.000895 0.999836	0 "Flow 0" 0.001	"Lost"     0 0 0	0 0 0
000448 1497272438093300 74.000895 0.999836	-1 "Total" 0	"Sent"     0 0 0	0 0 0
000449 1497272438093300 74.000895 0.999836	-1 "Total" 0	"Received" 1133403600 809574 776928	10973200 7838 5074
000450 1497272438093300 74.000895 0.999836	-1 "Total" 0	"Lost"     0 0 0	0 0 0
000451 1497272439092451 75.000046 0.999151	0 "Flow 0" 0.014	"Sent"     0 0 0	0 0 0
000452 1497272439092451 75.000046 0.999151	0 "Flow 0" 0.014	"Received" 1145095000 817925 783105	11691400 8351 6177
000453 1497272439092451 75.000046 0.999151	0 "Flow 0" 0.014	"Lost"     0 0 0	0 0 0
000454 1497272439092451 75.000046 0.999151	-1 "Total" 0	"Sent"     0 0 0	0 0 0
000455 1497272439092451 75.000046 0.999151	-1 "Total" 0	"Received" 1145095000 817925 783105	11691400 8351 6177
000456 1497272439092451 75.000046 0.999151	-1 "Total" 0	"Lost"     0 0 0	0 0 0
000457 1497272440093219 76.000814 1.000768	0 "Flow 0" 0.001	"Sent"     0 0 0	0 0 0
000458 1497272440093219 76.000814 1.000768	0 "Flow 0" 0.001	"Received" 1158900400 827786 789118	13805400 9861 6013
000459 1497272440093219 76.000814 1.000768	0 "Flow 0" 0.001	"Lost"     0 0 0	0 0 0
000460 1497272440093219 76.000814 1.000768	-1 "Total" 0	"Sent"     0 0 0	0 0 0
000461 1497272440093219 76.000814 1.000768	-1 "Total" 0	"Received" 1158900400 827786 789118	13805400 9861 6013
000462 1497272440093219 76.000814 1.000768	-1 "Total" 0	"Lost"     0 0 0	0 0 0
000463 1497272441093402 77.000997 1.000183	0 "Flow 0" 0.005	"Sent"     0 0 0	0 0 0
000464 1497272441093402 77.000997 1.000183	0 "Flow 0" 0.005	"Received" 1170366400 835976 795267	11466000 8190 6149
000465 1497272441093402 77.000997 1.000183	0 "Flow 0" 0.005	"Lost"     0 0 0	0 0 0
000466 1497272441093402 77.000997 1.000183	-1 "Total" 0	"Sent"     0 0 0	0 0 0
000467 1497272441093402 77.000997 1.000183	-1 "Total" 0	"Received" 1170366400 835976 795267	11466000 8190 6149
000468 1497272441093402 77.000997 1.000183	-1 "Total" 0	"Lost"     0 0 0	0 0 0
000469 1497272442092709 78.000304 0.999307	0 "Flow 0" 0.004	"Sent"     0 0 0	0 0 0
000470 1497272442092709 78.000304 0.999307	0 "Flow 0" 0.004	"Received" 1178837800 842027 801566	8471400 6051 6299
000471 1497272442092709 78.000304 0.999307	0 "Flow 0" 0.004	"Lost"     0 0 0	0 0 0
000472 1497272442092709 78.000304 0.999307	-1 "Total" 0	"Sent"     0 0 0	0 0 0
000473 1497272442092709 78.000304 0.999307	-1 "Total" 0	"Received" 1178837800 842027 801566	8471400 6051 6299
000474 1497272442092709 78.000304 0.999307	-1 "Total" 0	"Lost"     0 0 0	0 0 0
000475 1497272443092419 79.000014 0.999710	0 "Flow 0" 0.158	"Sent"     0 0 0	0 0 0
000476 1497272443092419 79.000014 0.999710	0 "Flow 0" 0.158	"Received" 1188111400 848651 809574	9273600 6624 8008
000477 1497272443092419 79.000014 0.999710	0 "Flow 0" 0.158	"Lost"     0 0 0	0 0 0
000478 1497272443092419 79.000014 0.999710	-1 "Total" 0	"Sent"     0 0 0	0 0 0
000479 1497272443092419 79.000014 0.999710	-1 "Total" 0	"Received" 1188111400 848651 809574	9273600 6624 8008
000480 1497272443092419 79.000014 0.999710	-1 "Total" 0	"Lost"     0 0 0	0 0 0
000481 1497272444093270 80.000865 1.000851	0 "Flow 0" 0.004	"Sent"     0 0 0	0 0 0
000482 1497272444093270 80.000865 1.000851	0 "Flow 0" 0.004	"Received" 1196659800 854757 817913	8548400 6106 8339
000483 1497272444093270 80.000865 1.000851	0 "Flow 0" 0.004	"Lost"     0 0 0	0 0 0
000484 1497272444093270 80.000865 1.000851	-1 "Total" 0	"Sent"     0 0 0	0 0 0
000485 1497272444093270 80.000865 1.000851	-1 "Total" 0	"Received" 1196659800 854757 817913	8548400 6106 8339
000486 1497272444093270 80.000865 1.000851	-1 "Total" 0	"Lost"     0 0 0	0 0 0
000487 1497272445093212 81.000807 0.999942	0 "Flow 0" 0.003	"Sent"     0 0 0	0 0 0
000488 1497272445093212 81.000807 0.999942	0 "Flow 0" 0.003	"Received" 1205600200 861143 827784	8940400 6386 9871
000489 1497272445093212 81.000807 0.999942	0 "Flow 0" 0.003	"Lost"     0 0 0	0 0 0
000490 1497272445093212 81.000807 0.999942	-1 "Total" 0	"Sent"     0 0 0	0 0 0
000491 1497272445093212 81.000807 0.999942	-1 "Total" 0	"Received" 1205600200 861143 827784	8940400 6386 9871
000492 1497272445093212 81.000807 0.999942	-1 "Total" 0	"Lost"     0 0 0	0 0 0
000493 1497272446092600 82.000195 0.999388	0 "Flow 0" 0.007	"Sent"     0 0 0	0 0 0
000494 1497272446092600 82.000195 0.999388	0 "Flow 0" 0.007	"Received" 1216245800 868747 835847	10645600 7604 8063
000495 1497272446092600 82.000195 0.999388	0 "Flow 0" 0.007	"Lost"     0 0 0	0 0 0
000496 1497272446092600 82.000195 0.999388	-1 "Total" 0	"Sent"     0 0 0	0 0 0
000497 1497272446092600 82.000195 0.999388	-1 "Total" 0	"Received" 1216245800 868747 835847	10645600 7604 8063
000498 1497272446092600 82.000195 0.999388	-1 "Total" 0	"Lost"     0 0 0	0 0 0
000499 1497272447092460 83.000055 0.999860	0 "Flow 0" 0.420	"Sent"     0 0 0	0 0 0
000500 1497272447092460 83.000055 0.999860	0 "Flow 0" 0.420	"Received" 1226019200 875728 842027	9773400 6981 6180
000501 1497272447092460 83.000055 0.999860	0 "Flow 0" 0.420	"Lost"     0 0 0	0 0 0
000502 1497272447092460 83.000055 0.999860	-1 "Total" 0	"Sent"     0 0 0	0 0 0
000503 1497272447092460 83.000055 0.999860	-1 "Total" 0	"Received" 1226019200 875728 842027	9773400 6981 6180
000504 1497272447092460 83.000055 0.999860	-1 "Total" 0	"Lost"     0 0 0	0 0 0
000505 1497272448092622 84.000217 1.000162	0 "Flow 0" 0.001	"Sent"     0 0 0	0 0 0
000506 1497272448092622 84.000217 1.000162	0 "Flow 0" 0.001	"Received" 1236148200 882963 848616	10129000 7235 6589
000507 1497272448092622 84.000217 1.000162	0 "Flow 0" 0.001	"Lost"     0 0 0	0 0 0
000508 1497272448092622 84.000217 1.000162	-1 "Total" 0	"Sent"     0 0 0	0 0 0
000509 1497272448092622 84.000217 1.000162	-1 "Total" 0	"Received" 1236148200 882963 848616	10129000 7235 6589
000510 1497272448092622 84.000217 1.000162	-1 "Total" 0	"Lost"     0 0 0	0 0 0
000511 1497272449093163 85.000758 1.000541	0 "Flow 0" 0.001	"Sent"     0 0 0	0 0 0
000512 1497272449093163 85.000758 1.000541	0 "Flow 0" 0.001	"Received" 1246791000 890565 854618	10642800 7602 6002
000513 1497272449093163 85.000758 1.000541	0 "Flow 0" 0.001	"Lost"     0 0 0	0 0 0
000514 1497272449093163 85.000758 1.000541	-1 "Total" 0	"Sent"     0 0 0	0 0 0
000515 1497272449093163 85.000758 1.000541	-1 "Total" 0	"Received" 1246791000 890565 854618	10642800 7602 6002
000516 1497272449093163 85.000758 1.000541	-1 "Total" 0	"Lost"     0 0 0	0 0 0
000517 1497272450092797 86.000392 0.999634	0 "Flow 0" 0.018	"Sent"     0 0 0	0 0 0
000518 1497272450092797 86.000392 0.999634	0 "Flow 0" 0.018	"Received" 1259202000 899430 861026	12411000 8865 6408
000519 1497272450092797 86.000392 0.999634	0 "Flow 0" 0.018	"Lost"     0 0 0	0 0 0
000520 1497272450092797 86.000392 0.999634	-1 "Total" 0	"Sent"     0 0 0	0 0 0
000521 1497272450092797 86.000392 0.999634	-1 "Total" 0	"Received" 1259202000 899430 861026	12411000 8865 6408
000522 1497272450092797 86.000392 0.999634	-1 "Total" 0	"Lost"     0 0 0	0 0 0
000523 1497272451093192 87.000787 1.000395	0 "Flow 0" 0.002	"Sent"     0 0 0	0 0 0
000524 1497272451093192 87.000787 1.000395	0 "Flow 0" 0.002	"Received" 1272205200 908718 868747	13003200 9288 7721
000525 1497272451093192 87.000787 1.000395	0 "Flow 0" 0.002	"Lost"     0 0 0	0 0 0
000526 1497272451093192 87.000787 1.000395	-1 "Total" 0	"Sent"     0 0 0	0 0 0
000527 1497272451093192 87.000787 1.000395	-1 "Total" 0	"Received" 1272205200 908718 868747	13003200 9288 7721
000528 1497272451093192 87.000787 1.000395	-1 "Total" 0	"Lost"     0 0 0	0 0 0
000529 1497272452093412 88.001007 1.000220	0 "Flow 0" 0.002	"Sent"     0 0 0	0 0 0
000530 1497272452093412 88.001007 1.000220	0 "Flow 0" 0.002	"Received" 1284459400 917471 875641	12254200 8753 6894
000531 1497272452093412 88.001007 1.000220	0 "Flow 0" 0.002	"Lost"     0 0 0	0 0 0
000532 1497272452093412 88.001007 1.000220	-1 "Total" 0	"Sent"     0 0 0	0 0 0
000533 1497272452093412 88.001007 1.000220	-1 "Total" 0	"Received" 1284459400 917471 875641	12254200 8753 6894
000534 1497272452093412 88.001007 1.000220	-1 "Total" 0	"Lost"     0 0 0	0 0 0
000535 1497272453092650 89.000245 0.999238	0 "Flow 0" 0.054	"Sent"     0 0 0	0 0 0
000536 1497272453092650 89.000245 0.999238	0 "Flow 0" 0.054	"Received" 1293308800 923792 882787	8849400 6321 7146
000537 1497272453092650 89.000245 0.999238	0 "Flow 0" 0.054	"Lost"     0 0 0	0 0 0
000538 1497272453092650 89.000245 0.999238	-1 "Total" 0	"Sent"     0 0 0	0 0 0
000539 1497272453092650 89.000245 0.999238	-1 "Total" 0	"Received" 1293308800 923792 882787	8849400 6321 7146
000540 1497272453092650 89.000245 0.999238	-1 "Total" 0	"Lost"     0 0 0	0 0 0
000541 1497272454112222 90.019817 1.019572	0 "Flow 0" 0.012	"Sent"     0 0 0	0 0 0
000542 1497272454112222 90.019817 1.019572	0 "Flow 0" 0.012	"Received" 1302778400 930556 889983	9469600 6764 7196
000543 1497272454112222 90.019817 1.019572	0 "Flow 0" 0.012	"Lost"     0 0 0	0 0 0
000544 1497272454112222 90.019817 1.019572	-1 "Total" 0	"Sent"     0 0 0	0 0 0
000545 1497272454112222 90.019817 1.019572	-1 "Total" 0	"Received" 1302778400 930556 889983	9469600 6764 7196
000546 1497272454112222 90.019817 1.019572	-1 "Total" 0	"Lost"     0 0 0	0 0 0
000547 1497272455093471 91.001066 0.981249	0 "Flow 0" 0.006	"Sent"     0 0 0	0 0 0
000548 1497272455093471 91.001066 0.981249	0 "Flow 0" 0.006	"Received" 1314455800 938897 899430	11677400 8341 9447
000549 1497272455093471 91.001066 0.981249	0 "Flow 0" 0.006	"Lost"     0 0 0	0 0 0
000550 1497272455093471 91.001066 0.981249	-1 "Total" 0	"Sent"     0 0 0	0 0 0
000551 1497272455093471 91.001066 0.981249	-1 "Total" 0	"Received" 1314455800 938897 899430	11677400 8341 9447
000552 1497272455093471 91.001066 0.981249	-1 "Total" 0	"Lost"     0 0 0	0 0 0
000553 1497272456092687 92.000282 0.999216	0 "Flow 0" 0.002	"Sent"     0 0 0	0 0 0
000554 1497272456092687 92.000282 0.999216	0 "Flow 0" 0.002	"Received" 1326334800 947382 908718	11879000 8485 9288
000555 1497272456092687 92.000282 0.999216	0 "Flow 0" 0.002	"Lost"     0 0 0	0 0 0
000556 1497272456092687 92.000282 0.999216	-1 "Total" 0	"Sent"     0 0 0	0 0 0
000557 1497272456092687 92.000282 0.999216	-1 "Total" 0	"Received" 1326334800 947382 908718	11879000 8485 9288
000558 1497272456092687 92.000282 0.999216	-1 "Total" 0	"Lost"     0 0 0	0 0 0
000559 1497272457093236 93.000831 1.000549	0 "Flow 0" 0.001	"Sent"     0 0 0	0 0 0
000560 1497272457093236 93.000831 1.000549	0 "Flow 0" 0.001	"Received" 1340385200 957418 917471	14050400 10036 8753
000561 1497272457093236 93.000831 1.000549	0 "Flow 0" 0.001	"Lost"     0 0 0	0 0 0
000562 1497272457093236 93.000831 1.000549	-1 "Total" 0	"Sent"     0 0 0	0 0 0
000563 1497272457093236 93.000831 1.000549	-1 "Total" 0	"Received" 1340385200 957418 917471	14050400 10036 8753
000564 1497272457093236 93.000831 1.000549	-1 "Total" 0	"Lost"     0 0 0	0 0 0
000565 1497272458092426 94.000021 0.999190	0 "Flow 0" 0.120	"Sent"     0 0 0	0 0 0
000566 1497272458092426 94.000021 0.999190	0 "Flow 0" 0.120	"Received" 1354763200 967688 923792	14378000 10270 6321
000567 1497272458092426 94.000021 0.999190	0 "Flow 0" 0.120	"Lost"     0 0 0	0 0 0
000568 1497272458092426 94.000021 0.999190	-1 "Total" 0	"Sent"     0 0 0	0 0 0
000569 1497272458092426 94.000021 0.999190	-1 "Total" 0	"Received" 1354763200 967688 923792	14378000 10270 6321
000570 1497272458092426 94.000021 0.999190	-1 "Total" 0	"Lost"     0 0 0	0 0 0
000571 1497272459092855 95.000450 1.000429	0 "Flow 0" 0.361	"Sent"     0 0 0	0 0 0
000572 1497272459092855 95.000450 1.000429	0 "Flow 0" 0.361	"Received" 1371013000 979295 930556	16249800 11607 6764
000573 1497272459092855 95.000450 1.000429	0 "Flow 0" 0.361	"Lost"     0 0 0	0 0 0
000574 1497272459092855 95.000450 1.000429	-1 "Total" 0	"Sent"     0 0 0	0 0 0
000575 1497272459092855 95.000450 1.000429	-1 "Total" 0	"Received" 1371013000 979295 930556	16249800 11607 6764
000576 1497272459092855 95.000450 1.000429	-1 "Total" 0	"Lost"     0 0 0	0 0 0
000577 1497272460093090 96.000685 1.000235	0 "Flow 0" 0.004	"Sent"     0 0 0	0 0 0
000578 1497272460093090 96.000685 1.000235	0 "Flow 0" 0.004	"Received" 1387905400 991361 938897	16892400 12066 8341
000579 1497272460093090 96.000685 1.000235	0 "Flow 0" 0.004	"Lost"     0 0 0	0 0 0
000580 1497272460093090 96.000685 1.000235	-1 "Total" 0	"Sent"     0 0 0	0 0 0
000581 1497272460093090 96.000685 1.000235	-1 "Total" 0	"Received" 1387905400 991361 938897	16892400 12066 8341
000582 1497272460093090 96.000685 1.000235	-1 "Total" 0	"Lost"     0 0 0	0 0 0
000583 1497272461093157 97.000752 1.000067	0 "Flow 0" 0.034	"Sent"     0 0 0	0 0 0
000584 1497272461093157 97.000752 1.000067	0 "Flow 0" 0.034	"Received" 1406438600 1004599 947382	18533200 13238 8485
000585 1497272461093157 97.000752 1.000067	0 "Flow 0" 0.034	"Lost"     0 0 0	0 0 0
000586 1497272461093157 97.000752 1.000067	-1 "Total" 0	"Sent"     0 0 0	0 0 0
000587 1497272461093157 97.000752 1.000067	-1 "Total" 0	"Received" 1406438600 1004599 947382	18533200 13238 8485
000588 1497272461093157 97.000752 1.000067	-1 "Total" 0	"Lost"     0 0 0	0 0 0
000589 1497272462095355 98.002950 1.002198	0 "Flow 0" 0.032	"Sent"     0 0 0	0 0 0
000590 1497272462095355 98.002950 1.002198	0 "Flow 0" 0.032	"Received" 1423287600 1016634 955717	16849000 12035 8335
000591 1497272462095355 98.002950 1.002198	0 "Flow 0" 0.032	"Lost"     0 0 0	0 0 0
000592 1497272462095355 98.002950 1.002198	-1 "Total" 0	"Sent"     0 0 0	0 0 0
000593 1497272462095355 98.002950 1.002198	-1 "Total" 0	"Received" 1423287600 1016634 955717	16849000 12035 8335
000594 1497272462095355 98.002950 1.002198	-1 "Total" 0	"Lost"     0 0 0	0 0 0
000595 1497272463185889 99.093484 1.090534	0 "Flow 0" 0.001	"Sent"     0 0 0	0 0 0
000596 1497272463185889 99.093484 1.090534	0 "Flow 0" 0.001	"Received" 1442918400 1030656 967655	19630800 14022 11938
000597 1497272463185889 99.093484 1.090534	0 "Flow 0" 0.001	"Lost"     0 0 0	0 0 0
000598 1497272463185889 99.093484 1.090534	-1 "Total" 0	"Sent"     0 0 0	0 0 0
000599 1497272463185889 99.093484 1.090534	-1 "Total" 0	"Received" 1442918400 1030656 967655	19630800 14022 11938
000600 1497272463185889 99.093484 1.090534	-1 "Total" 0	"Lost"     0 0 0	0 0 0
000601 1497272464092522 100.000117 0.906633	0 "Flow 0" 0.014	"Sent"     0 0 0	0 0 0
000602 1497272464092522 100.000117 0.906633	0 "Flow 0" 0.014	"Received" 1457422400 1041016 979295	14504000 10360 11640
000603 1497272464092522 100.000117 0.906633	0 "Flow 0" 0.014	"Lost"     0 0 0	0 0 0
000604 1497272464092522 100.000117 0.906633	-1 "Total" 0	"Sent"     0 0 0	0 0 0
000605 1497272464092522 100.000117 0.906633	-1 "Total" 0	"Received" 1457422400 1041016 979295	14504000 10360 11640
000606 1497272464092522 100.000117 0.906633	-1 "Total" 0	"Lost"     0 0 0	0 0 0
000607 1497272465093040 101.000635 1.000518	0 "Flow 0" 0.013	"Sent"     0 0 0	0 0 0
000608 1497272465093040 101.000635 1.000518	0 "Flow 0" 0.013	"Received" 1471115800 1050797 991354	13693400 9781 12059
000609 1497272465093040 101.000635 1.000518	0 "Flow 0" 0.013	"Lost"     0 0 0	0 0 0
000610 1497272465093040 101.000635 1.000518	-1 "Total" 0	"Sent"     0 0 0	0 0 0
000611 1497272465093040 101.000635 1.000518	-1 "Total" 0	"Received" 1471115800 1050797 991354	13693400 9781 12059
000612 1497272465093040 101.000635 1.000518	-1 "Total" 0	"Lost"     0 0 0	0 0 0
000613 1497272466093446 102.001041 1.000406	0 "Flow 0" 0.001	"Sent"     0 0 0	0 0 0
000614 1497272466093446 102.001041 1.000406	0 "Flow 0" 0.001	"Received" 1485379000 1060985 1004377	14263200 10188 13023
000615 1497272466093446 102.001041 1.000406	0 "Flow 0" 0.001	"Lost"     0 0 0	0 0 0
000616 1497272466093446 102.001041 1.000406	-1 "Total" 0	"Sent"     0 0 0	0 0 0
000617 1497272466093446 102.001041 1.000406	-1 "Total" 0	"Received" 1485379000 1060985 1004377	14263200 10188 13023
000618 1497272466093446 102.001041 1.000406	-1 "Total" 0	"Lost"     0 0 0	0 0 0
000619 1497272467141067 103.048662 1.047621	0 "Flow 0" 0.341	"Sent"     0 0 0	0 0 0
000620 1497272467141067 103.048662 1.047621	0 "Flow 0" 0.341	"Received" 1501032400 1072166 1016634	15653400 11181 12257
000621 1497272467141067 103.048662 1.047621	0 "Flow 0" 0.341	"Lost"     0 0 0	0 0 0
000622 1497272467141067 103.048662 1.047621	-1 "Total" 0	"Sent"     0 0 0	0 0 0
000623 1497272467141067 103.048662 1.047621	-1 "Total" 0	"Received" 1501032400 1072166 1016634	15653400 11181 12257
000624 1497272467141067 103.048662 1.047621	-1 "Total" 0	"Lost"     0 0 0	0 0 0
000625 1497272468092405 104.000000 0.951338	0 "Flow 0" 0.006	"Sent"     0 0 0	0 0 0
000626 1497272468092405 104.000000 0.951338	0 "Flow 0" 0.006	"Received" 1518669600 1084764 1030656	17637200 12598 14022
000627 1497272468092405 104.000000 0.951338	0 "Flow 0" 0.006	"Lost"     0 0 0	0 0 0
000628 1497272468092405 104.000000 0.951338	-1 "Total" 0	"Sent"     0 0 0	0 0 0
000629 1497272468092405 104.000000 0.951338	-1 "Total" 0	"Received" 1518669600 1084764 1030656	17637200 12598 14022
000630 1497272468092405 104.000000 0.951338	-1 "Total" 0	"Lost"     0 0 0	0 0 0
000631 1497272469093411 105.001006 1.001006	0 "Flow 0" 0.007	"Sent"     0 0 0	0 0 0
000632 1497272469093411 105.001006 1.001006	0 "Flow 0" 0.007	"Received" 1536658200 1097613 1040918	17988600 12849 10262
000633 1497272469093411 105.001006 1.001006	0 "Flow 0" 0.007	"Lost"     0 0 0	0 0 0
000634 1497272469093411 105.001006 1.001006	-1 "Total" 0	"Sent"     0 0 0	0 0 0
000635 1497272469093411 105.001006 1.001006	-1 "Total" 0	"Received" 1536658200 1097613 1040918	17988600 12849 10262
000636 1497272469093411 105.001006 1.001006	-1 "Total" 0	"Lost"     0 0 0	0 0 0
000637 1497272470092850 106.000445 0.999439	0 "Flow 0" 0.262	"Sent"     0 0 0	0 0 0
000638 1497272470092850 106.000445 0.999439	0 "Flow 0" 0.262	"Received" 1549931600 1107094 1050585	13273400 9481 9667
000639 1497272470092850 106.000445 0.999439	0 "Flow 0" 0.262	"Lost"     0 0 0	0 0 0
000640 1497272470092850 106.000445 0.999439	-1 "Total" 0	"Sent"     0 0 0	0 0 0
000641 1497272470092850 106.000445 0.999439	-1 "Total" 0	"Received" 1549931600 1107094 1050585	13273400 9481 9667
000642 1497272470092850 106.000445 0.999439	-1 "Total" 0	"Lost"     0 0 0	0 0 0
000643 1497272471161915 107.069510 1.069065	0 "Flow 0" 0.040	"Sent"     0 0 0	0 0 0
000644 1497272471161915 107.069510 1.069065	0 "Flow 0" 0.040	"Received" 1558879000 1113485 1060724	8947400 6391 10139
000645 1497272471161915 107.069510 1.069065	0 "Flow 0" 0.040	"Lost"     0 0 0	0 0 0
000646 1497272471161915 107.069510 1.069065	-1 "Total" 0	"Sent"     0 0 0	0 0 0
000647 1497272471161915 107.069510 1.069065	-1 "Total" 0	"Received" 1558879000 1113485 1060724	8947400 6391 10139
000648 1497272471161915 107.069510 1.069065	-1 "Total" 0	"Lost"     0 0 0	0 0 0
000649 1497272472093171 108.000766 0.931256	0 "Flow 0" 0.017	"Sent"     0 0 0	0 0 0
000650 1497272472093171 108.000766 0.931256	0 "Flow 0" 0.017	"Received" 1566293400 1118781 1072166	7414400 5296 11442
000651 1497272472093171 108.000766 0.931256	0 "Flow 0" 0.017	"Lost"     0 0 0	0 0 0
000652 1497272472093171 108.000766 0.931256	-1 "Total" 0	"Sent"     0 0 0	0 0 0
000653 1497272472093171 108.000766 0.931256	-1 "Total" 0	"Received" 1566293400 1118781 1072166	7414400 5296 11442
000654 1497272472093171 108.000766 0.931256	-1 "Total" 0	"Lost"     0 0 0	0 0 0
000655 1497272473093211 109.000806 1.000040	0 "Flow 0" 0.141	"Sent"     0 0 0	0 0 0
000656 1497272473093211 109.000806 1.000040	0 "Flow 0" 0.141	"Received" 1572246200 1123033 1084641	5952800 4252 12475
000657 1497272473093211 109.000806 1.000040	0 "Flow 0" 0.141	"Lost"     0 0 0	0 0 0
000658 1497272473093211 109.000806 1.000040	-1 "Total" 0	"Sent"     0 0 0	0 0 0
000659 1497272473093211 109.000806 1.000040	-1 "Total" 0	"Received" 1572246200 1123033 1084641	5952800 4252 12475
000660 1497272473093211 109.000806 1.000040	-1 "Total" 0	"Lost"     0 0 0	0 0 0
000661 1497272474092899 110.000494 0.999688	0 "Flow 0" 0.004	"Sent"     0 0 0	0 0 0
000662 1497272474092899 110.000494 0.999688	0 "Flow 0" 0.004	"Received" 1579043200 1127888 1097450	6797000 4855 12809
000663 1497272474092899 110.000494 0.999688	0 "Flow 0" 0.004	"Lost"     0 0 0	0 0 0
000664 1497272474092899 110.000494 0.999688	-1 "Total" 0	"Sent"     0 0 0	0 0 0
000665 1497272474092899 110.000494 0.999688	-1 "Total" 0	"Received" 1579043200 1127888 1097450	6797000 4855 12809
000666 1497272474092899 110.000494 0.999688	-1 "Total" 0	"Lost"     0 0 0	0 0 0
000667 1497272475093358 111.000953 1.000459	0 "Flow 0" 0.003	"Sent"     0 0 0	0 0 0
000668 1497272475093358 111.000953 1.000459	0 "Flow 0" 0.003	"Received" 1587635000 1134025 1106908	8591800 6137 9458
000669 1497272475093358 111.000953 1.000459	0 "Flow 0" 0.003	"Lost"     0 0 0	0 0 0
000670 1497272475093358 111.000953 1.000459	-1 "Total" 0	"Sent"     0 0 0	0 0 0
000671 1497272475093358 111.000953 1.000459	-1 "Total" 0	"Received" 1587635000 1134025 1106908	8591800 6137 9458
000672 1497272475093358 111.000953 1.000459	-1 "Total" 0	"Lost"     0 0 0	0 0 0
000673 1497272476092434 112.000029 0.999076	0 "Flow 0" 0.645	"Sent"     0 0 0	0 0 0
000674 1497272476092434 112.000029 0.999076	0 "Flow 0" 0.645	"Received" 1595101200 1139358 1113485	7466200 5333 6577
000675 1497272476092434 112.000029 0.999076	0 "Flow 0" 0.645	"Lost"     0 0 0	0 0 0
000676 1497272476092434 112.000029 0.999076	-1 "Total" 0	"Sent"     0 0 0	0 0 0
000677 1497272476092434 112.000029 0.999076	-1 "Total" 0	"Received" 1595101200 1139358 1113485	7466200 5333 6577
000678 1497272476092434 112.000029 0.999076	-1 "Total" 0	"Lost"     0 0 0	0 0 0
000679 1497272477093167 113.000762 1.000733	0 "Flow 0" 0.002	"Sent"     0 0 0	0 0 0
000680 1497272477093167 113.000762 1.000733	0 "Flow 0" 0.002	"Received" 1603207200 1145148 1118694	8106000 5790 5209
000681 1497272477093167 113.000762 1.000733	0 "Flow 0" 0.002	"Lost"     0 0 0	0 0 0
000682 1497272477093167 113.000762 1.000733	-1 "Total" 0	"Sent"     0 0 0	0 0 0
000683 1497272477093167 113.000762 1.000733	-1 "Total" 0	"Received" 1603207200 1145148 1118694	8106000 5790 5209
000684 1497272477093167 113.000762 1.000733	-1 "Total" 0	"Lost"     0 0 0	0 0 0
000685 1497272478093527 114.001122 1.000360	0 "Flow 0" 0.001	"Sent"     0 0 0	0 0 0
000686 1497272478093527 114.001122 1.000360	0 "Flow 0" 0.001	"Received" 1612986200 1152133 1122922	9779000 6985 4228
000687 1497272478093527 114.001122 1.000360	0 "Flow 0" 0.001	"Lost"     0 0 0	0 0 0
000688 1497272478093527 114.001122 1.000360	-1 "Total" 0	"Sent"     0 0 0	0 0 0
000689 1497272478093527 114.001122 1.000360	-1 "Total" 0	"Received" 1612986200 1152133 1122922	9779000 6985 4228
000690 1497272478093527 114.001122 1.000360	-1 "Total" 0	"Lost"     0 0 0	0 0 0
000691 1497272479093062 115.000657 0.999535	0 "Flow 0" 0.002	"Sent"     0 0 0	0 0 0
000692 1497272479093062 115.000657 0.999535	0 "Flow 0" 0.002	"Received" 1623878200 1159913 1127888	10892000 7780 4966
000693 1497272479093062 115.000657 0.999535	0 "Flow 0" 0.002	"Lost"     0 0 0	0 0 0
000694 1497272479093062 115.000657 0.999535	-1 "Total" 0	"Sent"     0 0 0	0 0 0
000695 1497272479093062 115.000657 0.999535	-1 "Total" 0	"Received" 1623878200 1159913 1127888	10892000 7780 4966
000696 1497272479093062 115.000657 0.999535	-1 "Total" 0	"Lost"     0 0 0	0 0 0
000697 1497272480143310 116.050905 1.050248	0 "Flow 0" 0.067	"Sent"     0 0 0	0 0 0
000698 1497272480143310 116.050905 1.050248	0 "Flow 0" 0.067	"Received" 1635873400 1168481 1133768	11995200 8568 5880
000699 1497272480143310 116.050905 1.050248	0 "Flow 0" 0.067	"Lost"     0 0 0	0 0 0
000700 1497272480143310 116.050905 1.050248	-1 "Total" 0	"Sent"     0 0 0	0 0 0
000701 1497272480143310 116.050905 1.050248	-1 "Total" 0	"Received" 1635873400 1168481 1133768	11995200 8568 5880
000702 1497272480143310 116.050905 1.050248	-1 "Total" 0	"Lost"     0 0 0	0 0 0
000703 1497272481092682 117.000277 0.949372	0 "Flow 0" 0.003	"Sent"     0 0 0	0 0 0
000704 1497272481092682 117.000277 0.949372	0 "Flow 0" 0.003	"Received" 1649825800 1178447 1139346	13952400 9966 5578
000705 1497272481092682 117.000277 0.949372	0 "Flow 0" 0.003	"Lost"     0 0 0	0 0 0
000706 1497272481092682 117.000277 0.949372	-1 "Total" 0	"Sent"     0 0 0	0 0 0
000707 1497272481092682 117.000277 0.949372	-1 "Total" 0	"Received" 1649825800 1178447 1139346	13952400 9966 5578
000708 1497272481092682 117.000277 0.949372	-1 "Total" 0	"Lost"     0 0 0	0 0 0
000709 1497272482092424 118.000019 0.999742	0 "Flow 0" 0.465	"Sent"     0 0 0	0 0 0
000710 1497272482092424 118.000019 0.999742	0 "Flow 0" 0.465	"Received" 1663166400 1187976 1145148	13340600 9529 5802
000711 1497272482092424 118.000019 0.999742	0 "Flow 0" 0.465	"Lost"     0 0 0	0 0 0
000712 1497272482092424 118.000019 0.999742	-1 "Total" 0	"Sent"     0 0 0	0 0 0
000713 1497272482092424 118.000019 0.999742	-1 "Total" 0	"Received" 1663166400 1187976 1145148	13340600 9529 5802
000714 1497272482092424 118.000019 0.999742	-1 "Total" 0	"Lost"     0 0 0	0 0 0
000715 1497272483092964 119.000559 1.000540	0 "Flow 0" 0.003	"Sent"     0 0 0	0 0 0
000716 1497272483092964 119.000559 1.000540	0 "Flow 0" 0.003	"Received" 1673375200 1195268 1152133	10208800 7292 6985
000717 1497272483092964 119.000559 1.000540	0 "Flow 0" 0.003	"Lost"     0 0 0	0 0 0
000718 1497272483092964 119.000559 1.000540	-1 "Total" 0	"Sent"     0 0 0	0 0 0
000719 1497272483092964 119.000559 1.000540	-1 "Total" 0	"Received" 1673375200 1195268 1152133	10208800 7292 6985
000720 1497272483092964 119.000559 1.000540	-1 "Total" 0	"Lost"     0 0 0	0 0 0
000721 1497272484092496 120.000091 0.999532	0 "Flow 0" 1.280	"Sent"     0 0 0	0 0 0
000722 1497272484092496 120.000091 0.999532	0 "Flow 0" 1.280	"Received" 1680273000 1200195 1159913	6897800 4927 7780
000723 1497272484092496 120.000091 0.999532	0 "Flow 0" 1.280	"Lost"     0 0 0	0 0 0
000724 1497272484092496 120.000091 0.999532	-1 "Total" 0	"Sent"     0 0 0	0 0 0
000725 1497272484092496 120.000091 0.999532	-1 "Total" 0	"Received" 1680273000 1200195 1159913	6897800 4927 7780
000726 1497272484092496 120.000091 0.999532	-1 "Total" 0	"Lost"     0 0 0	0 0 0
